0.7607595593602969
0.4127406718073464
0.567882834544183
0.7196338922874672
0.7210169744364515
0.8741896848505807
0.8410789489600016
0.9492830302669738
1.0530990073159339
0.5040477629986516
0.8714371529166519
1.1118291971838254
1.118706302155825
1.4087969995768963
0.4725448605125294
0.7931500347855368
0.7656091064428061
0.6468795118522163
1.2049300609163558
0.6596037266739498
1.3453699158643762
0.7013303151474746
0.9153022426501135
1.0720928842636817
0.5738720797684579
1.2333136233443267
1.0416673078947707
1.2197306242449726
0.6627011809101193
0.8808544800666679
0.6291140128302123
0.902575153505475
0.9547667053952474
1.0198923748346682
1.1736236363218882
0.7339065367744677
0.6875442762918218
0.6394995388404873
1.0980412699873856
1.1094131966351812
1.2127358356678695
1.0768862201360379
0.935622215096506
0.6937787008444324
1.0693815458639386
0.8794050520060775
1.3345197851587558
0.8057494560225024
0.6988494767860542
1.043559224746565
0.997399536918561
0.9306823678957249
1.5787673518132845
0.7378549170576894
1.3499145482977661
0.9039550674761517
1.098800200697369
0.7466109877670506
0.7120589720486211
1.0558575461237156
0.9003465758897703
1.465500461634908
0.6426869954118092
0.8019659226363489
0.9364330789716208
0.7824389972181496
1.1099326373209868
1.155744893639814
0.8131522647629561
0.9017555952049822
0.4833309210362926
0.8050224731925613
0.7482017474742018
0.6282071660583893
1.5481478684474763
0.8666790760880559
1.0111757727267552
0.6580365865066164
1.1835677647136662
0.9375693739538108
0.5627944739507549
0.4603910674201246
0.6973558585192079
0.7551677841723288
1.164698321862659
1.0765915264790762
0.7509914087949989
0.8500156773174153
0.8831895898268741
1.7131870768585813
0.7925290715384126
0.7428909061455232
1.0270837399227717
0.8406659292742412
1.2432855717042732
0.8703832040961924
1.3060860628742408
1.355273148635339
1.025067252892117
0.6300813683834952
0.89516030782058
0.4305791535499026
0.9105069574944616
1.101026091673122
1.3578851736928275
0.8196701414554878
1.0399137448638613
0.9398817670883516
1.1841889820505704
0.8793807491570221
0.828083890702745
0.7028690638318373
0.655221546657303
1.2385681214093172
0.6417501857477038
1.2248581839856512
1.4116465097426891
0.8423294251743937
0.4942744696949063
1.2817104923615974
0.8918912123006159
1.0671588129110383
0.8585445888594055
0.8205058115691847
0.8879313677248454
0.5942044544501771
0.8194923490585722
0.7220615100305606
1.2204020838250509
0.5924352427879204
0.7769281337241497
0.8951421960802465
0.772099124063139
1.1593737476204784
1.0656026282234232
1.1567635540289076
0.9686380275566094
0.8421090137495811
0.6019046104349536
0.5850057416678714
0.6797136004267379
0.8464205549917015
1.0297894628199156
1.7156298002540151
0.7122851770549229
0.6298142406206211
0.6800875218200576
0.941933836984706
0.7657469510666425
1.0786289473645203
0.8956564691868033
0.8267271815973501
0.5747051797476302
1.579942212549634
1.0692220313417695
1.3918266912272985
0.9015469512297337
0.9397430129224217
0.6069026612588908
0.9613316070427028
0.4602792661146401
0.9811091951465479
1.2230121360065969
1.4116649115727038
0.874001500061859
0.513938373598796
1.0824526639516052
1.6586202278788902
0.7827074047173141
0.5998567021073451
0.5429364393547542
1.21277084980782
1.2330364555577942
1.192497649479257
0.5517233970092353
0.954322292896521
0.824012874222336
0.8952928034466333
0.5495053891737659
0.6841036265431332
0.7184976705650767
1.2581622390969018
0.910222763175469
1.0795338684098732
1.044770942419788
1.6354279466684507
1.034881622328193
0.621218607058597
0.3658100375757043
0.5467716299950827
0.9116830145533551
0.8869554525354638
0.587527074551154
0.93227366918379
0.6097710770016684
1.208085868768768
0.8767631404419644
0.6932351419061279
0.3736712738754939
0.869618540858543
0.9617201608013882
0.8706357366555691
0.7309091002780551
0.9524502643283687
0.6733782106574175
0.6639923000602935
0.9903235098072362
0.9429322979303577
0.6493147126272538
1.1228764700262173
0.4577324089804451
0.8205567942198753
0.9880191910936421
1.129114111944128
0.9450406393777396
0.9837732153910138
0.9762805478995654
0.8230228468896252
1.5035336052435566
0.7931590875568943
0.4049262891714388
0.5325455468469299
1.2776502695556766
0.7152159323535239
0.5611990550111845
0.9506130484598617
1.1697372976468452
0.8420726415581472
1.0306002151729967
0.9087315510463615
0.8039116131806866
0.695652466420817
0.7449121550924027
0.8025453283832519
0.8015601323243494
0.9174775070973781
0.9471740558154377
0.9965335333240067
0.7886983720132396
0.44917400855893175
0.5702502717183178
0.5588968571134794
1.2381948266469966
1.1863010595128045
0.9091949675757934
1.1664724664615826
0.7048348587950775
0.35393849531788046
0.9135518233585903
0.6027698465989336
0.9587493098413286
0.8602010569213131
0.8215326200647136
1.114155796281332
0.7916404405474844
0.7521425010656354
0.9646930436931968
0.9891992375696016
0.9338952533410242
0.8063515465581087
0.4416339941891013
1.5671999559636025
0.7632523754564196
0.962821949887351
1.109097391189731
0.5470769076492527
0.7005069197715
0.5890851056061991
0.8690174694203735
1.3605731105735126
1.2230371832974107
0.9360267624993143
1.774545256767106
1.2367130766214198
0.48872109325631474
1.044904839951285
0.6191879686039323
1.1236294402559888
0.6344970455667961
0.9365041864691702
0.7599882777810587
1.1311504139618977
0.6569760982138936
0.7359141374047501
0.8021801445057439
1.1542708156738235
1.040402223006812
1.2338051710005729
1.1698763337423672
1.3211318651829345
0.7650913456810854
0.5960841940769441
0.8292548269905687
0.8158118365358807
0.9014088528949274
1.285867177196238
1.1428083170059955
1.1156814630074154
1.1259962415861295
1.1266623309460995
0.6626164901324361
1.0560493679890184
0.6489146101320281
0.5256853638903555
1.1474120345550665
0.6243880308130153
0.91477819226207
0.9758399291672911
0.9804562661007213
1.1900210892551768
1.5509358283397103
0.6284582222830835
0.9035834165820201
0.8203740170660654
0.756559314453726
1.017246591054018
1.07077490295064
0.6801589114263681
0.5831707112923702
1.0327039254641055
0.7803114510474956
1.147876011019668
1.0447995248510977
0.665561281782469
0.44435578438386736
1.2465874620161552
1.0182784844295787
0.6069623521081285
1.205121277925065
1.2161586707346412
0.5882171221111742
0.6674930643189819
1.111977642464037
0.7932227207802952
1.0171193450932976
0.9642094103594462
0.9662642689166067
1.1787152134057328
0.883294429929489
1.0347131112189816
0.6190705913442276
0.8824789530492892
0.6543961781944988
1.166074314594827
0.6459272883989675
1.199194376748236
0.8091318293544435
1.089798698305573
1.2540722052462447
0.8401479739492725
0.8577668140219842
0.7340135925746365
0.8502991610420801
0.642652118749453
0.5672285771888521
0.7710613837734112
1.1946228245585997
1.0557150790759873
0.5639968892921045
0.9204009773473606
0.6801322677403061
1.2833254325660048
1.1420263024649262
1.0499604509502374
0.9732867334234655
0.5542421811552949
0.8912556544985136
0.7368813334097021
0.9556582198728579
1.1830578107449288
0.6686663558911742
0.9127133090839498
0.7066422278036172
0.7960238570383433
0.6379652126823311
0.6943051692698184
1.2279395992596587
0.9565532211375675
0.9006184386705648
1.8965363191252536
0.6968960442043343
0.8851990204631807
0.9148778038751461
0.8909748504668719
0.9659078884934561
0.7564276688505321
1.1717501872193636
0.9159954102589255
0.7882872575014219
0.7024928107819189
0.7802998020620308
0.9785030429616949
0.8408031562882559
1.2291292986583648
1.2698455583050319
0.9896392030155231
0.7988960329142304
1.0495408446273975
0.5837948017294194
0.6032443504950514
0.7004674480842823
0.7854485365619038
1.0252161095480357
0.832170412044333
0.6503880888150688
0.9719371813994265
1.0989022534933108
0.6009494434489872
0.740839573261396
0.5985574523479719
0.723143992358895
1.0408333361161297
0.9092033567894268
0.7573729345371353
0.9782957072188149
0.7978607996297976
0.931030935760495
0.9599557155982678
0.835817798240041
1.128908411622293
0.8532918611192349
0.8595512336822099
0.7494476607276753
1.123570940096529
0.6507453399014607
0.9991621798134874
1.3125663007233743
0.53991096625327
0.6374807366556114
1.0992846632790552
0.5770509186390161
0.90627675515538
1.1195231974861724
1.1688869042288579
0.6930224965581017
1.3080133983730338
0.6021385077027614
1.1604115255286507
0.7040839369739802
0.8163974497175929
1.0260367123477416
0.641512092421684
1.2165149578189802
0.9101684069628974
0.7203405194133946
0.743171755958353
0.6394569917255056
1.340470783323291
0.9999971489140403
0.800490644274862
0.9181391840701772
0.43624424572466824
0.7577936323532036
0.6784996232461165
0.9311284597942601
0.8683922853753078
0.8343501529221089
0.7427580481682924
1.0947004359582748
1.01719139506558
1.3062077785175967
0.8700600136726248
1.1811585694656468
0.7020694300771988
0.5752035337971161
0.9754720018105482
0.5943250627142167
0.8930472732349687
0.4719982354722889
0.7375936841545705
1.0120360065282492
0.5921496516097279
0.981453272101278
1.3424329349864326
1.0797775685020945
0.8020797850174894
0.5060947179440531
0.8790778922993013
1.4587096075357844
1.1136991446808235
0.9144431996370669
0.6949093463709805
0.7411810022872807
0.4497842634585747
0.5592385211546306
1.0165876418300177
0.8582652508378238
1.3743675761025904
0.7683328310077215
1.0606966439156345
0.6100906836362476
1.1370225366210973
0.8681598347748724
0.977505533346252
1.3770178429596631
0.5490129441062062
0.7885432661061935
0.8657319131682305
0.4369580885132752
0.721809587028376
1.127730886110514
0.6162344104117737
1.5310323206517562
0.8186075846188196
0.3920395852711962
0.8432759230597109
0.7006429139949852
0.6350433140209687
1.6192523261174954
0.839686338653742
0.9519432370724644
1.0777184922207201
0.6210188182014755
0.9612301685083787
0.9298122058578072
0.5675186862674751
1.0745903394056335
0.42748903963646223
1.4160065962943151
0.5339681117816767
0.8326080732250677
0.9565070553742742
0.50179197534339
0.6198933219936495
0.9408808736326438
0.6487838716797298
0.8950691453142668
0.6697705401056875
1.1258067187436698
1.33882190653013
1.5570345881018817
0.6577824448276558
0.9664712181402556
0.7318259866586625
0.7040349888650064
0.7855059193226306
1.0477610256019458
0.9196311212608653
1.2245787200290608
0.6958022465434073
0.7068455486550651
1.4773867113518762
0.5871683919247552
1.1978514202841886
0.674471676448648
0.766893638543275
0.7716799133701128
0.6210844809773236
1.1228431511431742
1.3741160898745977
0.9841454607329928
1.005412888073451
0.6129730141135057
1.1246099174179915
0.6738478190931257
1.3250258683761473
0.9463932871971884
0.7346490144128978
1.1667477616345534
1.2004091395546446
1.3779923087424868
1.0800004579093596
1.0339430583460325
0.6297681207781863
0.7763557432684783
0.8847554811088804
1.0911003244058128
0.770747938727775
0.6385379348150801
0.5515555545015817
0.6248988547150683
0.7536536204807626
0.8880786983023715
1.138189911945477
0.8356065760223568
1.0965339861746424
0.8606936839718052
0.9237279428579371
0.7958916717707659
1.1591977695060902
0.725487177937238
0.8088477618735208
0.794608869314252
0.6640081687126245
0.5003022416216295
1.4485102975044077
0.5055662474414633
0.9078187237524703
0.8602042927966879
2.233918527130807
1.0962781395845578
0.9180551543961023
0.6995055170533221
1.1679033029478576
1.3256318840409307
0.9028865701567493
0.594760399530094
1.160632552004858
0.7802007166871823
1.0687268903221314
0.9987350455684662
0.9011858218029755
0.9838847660264941
0.880327068572662
0.8036916899398612
1.0189741782428032
0.8931385650024909
0.8994744109358638
1.0629649364133167
0.7566215693608503
0.8872438900062455
0.7292925400105295
0.8587612042958795
0.909796363803025
0.4257223820891749
0.9994969730038098
1.0797161387451282
0.9817277483356776
0.8471117709185267
1.0057250792432697
0.5763422798578396
0.7513313502556481
1.168841092839133
0.7044274854428659
0.5650027598499294
1.0738601674834805
1.0546373653989225
0.9867749222072834
1.0868940450871638
0.6703054706815161
1.0095363891658684
0.6823672469252731
1.0034064584459224
0.8541295957945277
0.8082963080820109
0.7620553135793212
1.616635792076909
0.6515437103427968
0.9378551110893983
1.1267887054582495
0.944356818980509
1.3637726677007085
0.7827569638026893
0.8605710475448353
1.9436385493499788
1.0856255079694903
0.562586083316169
0.7930304915566192
1.0691645655641862
0.463896142373038
0.9595338380808435
0.8823871348264295
0.8649561121818413
0.7497383179102273
1.1542032937359583
1.161272990567204
1.2928528740900629
0.7627981998995795
0.7264625764493987
0.4853774136168669
0.8399862237589472
0.8348677452856
0.9922967235426546
0.785579742960672
0.7792295255176251
1.0747330444650336
0.8705902965795637
0.8020544994078207
0.7409331357803379
0.6886334916684222
0.9593840778163042
0.5188363563657187
0.9345429824496568
0.6685519384717833
0.8541494970039257
1.5028051322374008
0.6334632083535342
0.4773435849073365
1.0623981029027076
1.1225716245411739
1.1238207891167704
1.6510149169147144
1.1458807658807961
1.1726062855187145
0.6277204378083248
0.8596930170502523
0.5353452595550175
0.8648904007266688
1.0797022830506902
1.0345060140007487
0.9076155471859974
1.0228402161788872
0.6509498286197377
0.3228329649693923
1.2595645827519968
1.1999198813692225
0.7076370101624905
0.9340158895480072
0.791314680587219
0.8727596498705316
0.93224200968122
0.5821671629353405
0.7364469757973531
0.7047743015355722
1.3309719027110165
1.2737035629286846
1.0710382695700262
0.5325090006199824
1.0841163533500462
0.500289142938912
0.6283656128785831
1.0490944198562264
1.040818376924495
0.763045053221045
0.6407155587557885
0.7524139353230447
0.9865807817879882
1.13607659932999
1.4048168434630093
0.6504756772243769
1.3835258111205997
0.8196235375248101
1.0399649155166997
0.5915039076908549
0.5888887698708768
0.9412352867781525
0.7238604841133626
0.8434004723105195
1.7377019470969974
0.8008643582553073
0.8009603236659224
1.141811751736516
0.7796243000782214
0.7008077476869015
0.687364341693194
0.36655658353132525
0.7160195231019584
0.6445046176292388
0.3448454610043279
0.8050916091792425
0.82572843346439
0.7742673115467854
0.846812668814601
0.5998619580499397
0.4828697386556686
0.6404009112717968
1.1701528692952516
0.4791935275991913
1.2949745681525446
0.7995862084534403
0.4988900475499647
0.8857947435151755
2.055883631178984
1.0587819498130917
0.8390335359056321
1.0117889165788785
0.9672674399445557
0.7831422739881345
0.9040117561669002
0.803990639734585
0.6162667947315746
1.3097154172829428
0.6814503459247386
0.9267392766123169
1.083340865960357
0.8426219670121294
0.8694650828000251
1.065815502838263
0.8427674567300937
0.7821578725572189
1.0568439129295448
0.9742859010438399
1.4739514113190564
1.5673530986341768
0.6976230672110987
1.3606067322520026
1.1879527385648856
1.39902038997646
1.201977115077283
0.977424221484367
1.0381885650363487
0.9779578800827627
1.1449957635721266
1.1295742113132898
0.7084887889294637
0.9026649331981901
0.826949359231351
0.9087699752334576
0.9472834593756515
0.5803139882238437
1.0435361939587138
0.8900640306545485
0.8957961593140763
1.0202622335717528
0.8374562224952232
0.8243982311550127
1.224008348930527
1.2701510723294345
0.6636860197092586
0.8799493903089218
1.0524384052377378
0.8714503812975264
0.8656735814363467
0.9994096493998098
0.5481561202245891
0.6899587261658708
0.714148615502732
0.9263128268855182
1.2950987377892087
0.9537842298460318
0.6800457099471627
0.8242762247189923
0.43318941981475445
0.6864786587874511
1.258575088481554
1.1941997823413273
0.9239450156051902
0.4437865657265657
0.6633893868421247
0.5481168109509605
0.768960825444612
0.6892766639508671
0.8815372846464037
0.7006164138470167
1.1293272365464977
0.9511378007554462
0.9771243041373828
0.9414869615098712
0.4353982793331219
0.9932807888321739
0.8383946623467287
0.9513565995514867
0.4861445248785423
0.7471808079811559
1.2623970004833995
0.8003602702581085
0.9927171614519711
0.6083800119546535
0.9371234927398223
0.48166741215439934
0.8011963498230203
0.8681537458676895
0.7775266171778685
1.181431108704736
0.8082773007210712
1.070163581496324
1.0051389171564826
0.9411847397410059
0.7434667595825492
0.6651379695392172
0.8232790486552446
0.5820456965584921
0.9320012433598105
1.0205662962744528
0.9519605073087528
1.023600881382801
0.9202222847221869
0.930209875349144
0.5765865324298551
0.9391370585966944
0.6276846901497243
0.7554278032183558
0.8560852001899047
0.6362164494313188
1.543427227822688
1.0787834671478818
0.6705418882987225
0.8503708363719996
0.6419055625829352
1.085052065856311
0.6986626502195427
0.8773600306798274
0.9189486442416871
0.7703056323415646
0.8021960601294574
1.0095549006640898
0.7735113066744659
1.0328957772023493
1.0305870858917239
0.768812753449036
0.5073178793232073
0.6929224897587698
1.0191844217474724
1.1209782653366775
0.8335501825891343
0.8875989100905636
0.9115556988880077
1.1288074241736423
0.4903384984193012
0.6174842069178222
1.3769291129900534
0.9423239238090563
0.8305351944522608
1.1910236198051307
0.7743435211539688
1.2588023084606654
0.9602159185477052
0.9966107433335686
1.0433364380563432
0.5868496929639996
0.748845276934889
0.9913983147675404
1.2616852281598518
0.6706981549632157
1.3240249544506069
0.7019629404925656
0.8898212941476195
0.8508130123346415
0.7523720046174016
0.8028055110799494
0.3677977383054162
1.0327996363918717
0.7341583436542648
1.2464610500449318
0.8622532827829418
1.0478205248777632
0.6531639251999177
0.9514777394965471
0.938519797153465
0.9798471678188149
0.7834990307788543
0.6796708652959524
0.7305977679408157
1.2256863962760032
0.9583376441593764
0.5695767608692927
1.5541639295940028
1.160314143320306
0.8358444215379688
0.9209793820956923
1.2411168590746096
1.0352043239816728
0.8059546439432724
1.0409073818247145
1.1048151251853087
0.8641628399113043
1.043955467940228
1.0757259026291808
0.7735838903992507
0.6904235620676781
0.6948600120392024
1.2076347708245572
1.22005646647444
0.6417678760431327
0.4781387098398958
0.5989052292467999
0.8278760377883684
0.8308134404745041
0.7335669598862818
0.973022513499436
0.5429385406323245
0.7089401064726106
0.9161964375179802
0.9333717979027497
0.754804433633693
1.0402078020657015
0.599012762006551
0.5834142324550812
1.2879340687396428
0.5602191557900661
1.3888216841291825
1.3640532306015076
0.8695238708616738
0.660726592718529
0.7155014821512915
1.2229184388837873
0.9639164686561686
1.087482290248859
0.7568959837496197
0.5277180195635619
1.3486227544939473
1.285851978007859
1.1884691104192289
1.1786308450838057
0.8653425227467123
1.5217997026244412
0.8478519103228543
0.919799237595646
0.5930133311206827
0.6655489086147224
0.9854685594516922
0.49393700312478495
0.7907791473208012
0.9894162761500552
0.5560505847893012
0.8358598608338647
1.0792249376108716
0.61692295989334
1.047617154193254
0.8344105999707538
0.6288844488505031
0.832129259687436
1.067472427607914
0.5540799966148037
1.4577773680711923
0.8748290839428289
0.9999524045966025
1.3417410982819222
0.6460594027978498
0.9979323092338283
0.6798124009900247
0.5279222777403443
0.9461006262901458
0.8076181910867047
0.6385333989338613
0.741664605284895
1.031235786391583
0.69422029517459
0.9299386765408774
0.7574676188234079
0.7429594845381822
0.8959827591055011
0.4945625956615759
0.7469478079273262
1.1060714530835831
0.5880436334794877
1.212155273910022
1.2172642409931398
0.9318358082629982
0.9369585474413561
0.8232092212319154
1.383261036738357
1.033308323325534
1.0630090221828628
1.2517193953474564
0.6883660321644318
0.8656930881477377
1.584986551861632
0.6402597356656407
1.0207139094230975
1.652692635576586
1.3382006606819925
0.7920090959702432
1.2152474626006522
0.882344580226568
0.8158548916406598
0.6862123861605552
0.7835560014543587
0.6461294314360957
1.1993823876000087
0.7649620947382376
1.0176264987525634
0.7519230907079699
0.6491473868496187
1.7947924388479066
0.7107691511903894
0.7288977940033469
0.8386128346302046
0.7915029405622447
0.7780800051303711
0.5227764084888944
0.8265836754915028
0.586937380427779
0.9710237393820739
1.4791597719099405
1.0371715663650476
1.0143921082703993
0.7046762583207429
0.9885536051791312
1.3168238630221718
1.0068083340698375
1.4667765459646604
0.8113463960022064
0.5980993235367579
0.7920779704182566
1.2241867751732203
1.0210175016640113
0.88307070101463
0.49598476888824616
0.6945003518890396
0.629564537637997
1.6792276245987485
0.8883135047349929
1.0468704817986316
0.732377970081906
1.242329828189235
0.7012456848097702
0.7789935173030998
0.7134347652384188
0.6218655782784787
1.1478675390908433
0.5964703487578605
0.7474376114630121
1.0000852430953169
0.9181814858640817
1.0004195238910447
0.5212740543159794
1.7486658434417865
0.45543952379461683
0.9850196541538557
0.6488543303187866
0.8557664511835462
0.5472304342793906
0.7892895276929673
0.5358678989556334
0.9449362896619896
0.4652382578912422
0.8243851592905992
0.4085925642362803
0.6601458075431793
0.8879182640469053
0.8133335189659101
0.8918050490413018
0.8280832206133343
1.0400497835805527
1.2533659942848296
0.9243804394854885
0.685316406224847
1.2040023404733606
0.8619978765532926
0.8488708921202077
0.8054447559983478
0.6122908710229558
1.1002252419374519
0.6570202483145664
0.7316089381990858
0.4937946163418582
0.6760167926328405
0.5312069139467912
1.2129492845146994
0.6260224759403733
0.944708210090398
0.5464477249721603
0.9471779109725379
0.8196825436215964
0.5175145649034854
0.6652741512463618
0.9989797696677069
0.8883121783495836
0.7053100235777932
0.8050627388335586
1.1910177061301477
0.604159441782795
0.9741851697701115
0.8328223579926325
0.9790076819883949
0.9243591803571746
1.4058968722575451
0.8518351282588984
1.8231880509525364
1.0876783820515974
0.9004689725860938
1.133337948131937
0.7066140725244696
0.5488402101683739
0.6003431327663246
1.0113152185010772
0.34050377345260197
0.6865113443007538
0.71347308501694
0.8180561354414113
0.5958024220799137
0.550609824761017
0.5406734858363459
0.8778757867160282
2.0618629666352266
0.6777228088523821
0.7596525506858667
0.8012443268954802
0.6277483906546976
1.0239574423559288
0.7965596645047768
0.7889055559527254
0.7111625384258938
0.857901797914869
0.9833947620014339
1.1801533263864412
0.6535064873227634
0.9258396119282056
0.9013794199343276
0.8229594738858047
0.6942576118430936
0.9144147948564966
0.6281594691707133
0.9017101882012705
0.5725400653529981
0.7143515007467011
1.2387312791109135
0.9739120990792026
0.7153391539276757
1.3593882069533167
0.7713607109848848
1.4699568530023512
1.0393947976437652
0.9980779553615512
0.8810522521607941
0.7076372259400505
1.1075379179801057
0.684855476525066
0.93141425436507
0.7781674446664673
0.6420776179684367
1.4618187115575145
0.49375180398809293
0.639971650003357
0.6493547869266034
0.9153860111456243
0.47152820023532316
0.6341631011620734
0.5915209904071891
1.15525650711507
1.0103848894054814
0.9967820453023944
0.7199968474793584
1.464482667360657
0.8208539719172862
0.6871967358447889
1.3199148803691194
1.1120562475065143
1.2045517806975223
0.9358212442081976
1.2002292921692141
1.1565777052236328
0.7206019429225393
0.7508551495762065
0.9206443935474334
0.47287952294423463
0.7793479193724447
0.6984429663574656
0.5329300531894288
0.7296006314466112
0.6492252440396933
1.110647676250284
0.602543416670925
0.6615012633614614
1.2307096728091764
1.242155034185291
0.9602567196697146
1.0738047487190718
1.411072461449673
0.7689414800336145
0.899568032069772
0.891290898203441
0.7861328855270154
0.4065820493633324
0.7402690577610269
1.2081644425694689
1.2885355126542957
0.7761510367098512
1.2737267144229976
0.6755670153205506
0.8327705354573306
1.018579699558301
0.7151106905870359
1.0886535107372084
1.3252238645312349
0.8141702561032386
0.8049504513421513
1.035379449913173
0.8390217739370848
0.8729583582651844
0.9551821456210406
0.7431244676232122
0.4198078295079819
1.1142248851096974
0.8616943918190286
0.8746990037287395
0.6184431429022574
0.9154881019405111
0.8785170885217352
0.768447133716773
0.7156230232379212
0.8445497621613711
1.1830746752903534
0.7388231396160363
0.5982887029572916
0.9426267753820207
0.9161033059391764
1.053274331248548
0.9743070976194045
0.7227767837243959
0.8963945695171102
0.7247746497563895
0.7588004193256238
0.9701106781771306
0.8550304873978448
1.342060788534423
0.5741493461454005
0.6594377884984453
1.568231677559626
0.6852633095785835
0.8456185076747947
0.701786785722997
1.715264125669196
0.802058841510883
1.0243138476116136
0.9305205891083516
0.6683218193761391
0.5270599602362036
1.1198163171640665
0.6439026169264723
0.7550844595744722
0.7701020969685326
1.0720154980520344
0.6848664201346043
0.5213130016787938
0.7408282662986247
0.752139830142974
1.238769197191523
1.1144566545413612
0.7229574260174315
0.8854307430002099
0.7486651299237935
0.7918171083027178
0.8878995953198482
1.1318946567490105
0.5925079295900185
1.1423375003666778
1.0606582562039817
1.3409483212589446
0.8904386749027912
0.78362871144778
0.7303752395009057
0.7861547169989703
0.8823784412755947
0.8927702726914631
0.8906170519780306
0.9851343078169702
0.6114614758255268
0.6979630703320047
1.5560995361288696
0.656866461341279
1.0400348724994506
0.5397182741856468
0.46893637292298784
0.4502731223197134
1.1986296450945084
0.6383457541582618
0.7934305158208533
1.171856076588966
0.8791752708328276
0.7537298454087548
0.7876853201234074
1.1008726989551691
0.48581535701436784
0.6230698756846745
0.5422761397434098
0.5396717250487543
1.1659012514184488
0.5832356466980763
0.651924245630735
0.9322399428525564
1.4515768018252426
0.9084497134052051
1.1811264877714995
1.5036740678015816
0.7438179417369233
0.7796437860412422
0.6399106592581019
0.9729329184884176
0.7045785014548378
0.8782540864917147
0.8708693880156991
0.4399640165461072
1.9890015959054912
0.9971304075058777
0.7730342512885785
0.7596247598243214
1.3051499798929922
1.1768633017055905
0.6428777186065198
1.150517394766942
1.4180944598506424
0.7607247628784268
0.8896593333302837
1.0277812959324673
0.8657244360060664
1.4795104368597636
0.6585453294925883
1.1792361883524178
0.7304001005267634
0.6378785103819161
0.8346048014606101
0.9188921579224446
0.5924422988906485
0.6923587546618484
0.5788023549707734
0.6412513871646066
1.156534928820522
1.3745483974749113
0.7861622053224029
0.8701268107124603
0.7038037058307149
1.3801870761799613
0.9424361915299936
1.5540587174066967
1.3591749484811975
0.8028822561864803
1.15297720368853
0.5782449384208003
0.9921881924898984
0.7297971267177402
0.8021777989941015
1.0156339567138335
0.8312497127061738
1.1540505497092186
1.0313861488184846
0.7461295302039791
1.0791460251639653
0.9642348167411116
0.9444367972302378
0.6088381609561075
0.7554085136449743
1.21246491258909
0.8373854531116132
0.987224921158404
0.9007976444881142
1.311167522795514
1.3409364657988734
1.0589151235885301
0.8105593688160186
1.0454896466913475
0.7922595179570461
1.1507176924206077
1.088589225833029
0.7223077435295889
0.6944524220280036
0.7356527534837481
0.9904583052643864
0.5959887086127648
1.124841196120982
0.6086360289796803
0.4792687167473406
0.9491196689081404
0.9971439270268317
0.49902146098062095
0.8004837408475141
0.7966621576830722
0.9301582394199085
0.8464454828279242
0.6933971454129293
0.8503026349374766
0.6825560341735651
0.8122133791418068
0.7577541769551489
0.6502150685840247
1.1320383603322486
0.3899399411028802
1.3405070817502678
0.6271583887946246
0.9139776357429176
1.0483451116116145
0.7459849325936043
0.9108678759467638
0.8534196921919123
0.7739645709446558
0.8045161030169804
0.8041185111411858
1.2641207020034915
0.8714025602137473
1.1283031155486007
0.8355936620522685
0.9046093989545031
0.722250492390941
0.9647709170433655
0.7862842242241814
1.1980019652034875
1.0736942260850142
0.7749863062979148
1.1837857822490252
1.3618625426280582
0.5093228731409432
1.6056174403470698
1.5374207524411188
0.5826285225146952
1.3107516730529123
0.8156735834696214
1.1734252845305297
0.7521472761369543
0.7006426064497154
0.9336769604348497
1.4839697928550262
0.8432277955735361
0.5465646969687917
0.9960080427671155
0.4361759307723654
0.8099629202204318
0.6512129138279439
0.5003625949403424
0.7348872646816109
0.46985389406563116
1.7417652605776095
0.8377718531303816
1.0165904868256581
0.8497538286736208
0.47501920910224305
0.5193924520230528
0.6203644182867597
0.7209926444846998
0.6208798128329605
0.9469669583324863
0.7944308288928548
1.1810245614143333
0.7255588369265706
0.86750972010086
0.8841376798804107
1.3017262233992575
0.6212095912634351
0.6524376848781269
1.1965494114763693
0.8891724193259319
0.44139165306859496
0.621525039405865
0.939023097376534
0.7789363512747246
0.9662553596327711
0.7359437920293218
1.2028528913335093
0.7224137600763239
0.4289347991378356
1.0375364598463903
0.8287569372737951
0.975971346205207
0.7719263823675132
1.2173175805316376
0.9186932971600953
0.5881108805614957
0.8486722211551437
0.47735580162562263
0.8506236037286828
1.3490700762789676
0.8902943827825968
0.592146047807081
0.8298992338368991
1.3542608837244385
0.8457536778461315
1.0323345673202686
1.1565348269337143
0.6645786497003279
0.9480166605757064
0.6247657891923387
0.7220356348629123
0.3671047392179714
0.7073571282131565
1.02903374183302
0.8940103565446066
0.6758002977248782
0.5639767223345385
0.7631785732012856
0.7141526506097662
0.564810720051292
0.596012900602983
1.2104280260379052
0.7457810105300312
0.9678089238799857
1.1884294384352667
0.9448464522722549
1.1080924946333788
0.7665443617055835
1.1126345802189637
0.9801385716515284
1.2237789757285358
0.557298203419223
0.9873555347784134
0.7358118583458477
0.6813713863122878
0.8983227087336657
1.3384138162641497
0.8300717486529641
1.3465662233426703
0.6221026171901446
0.7157438456874903
0.8395545600184662
1.2127108765613535
1.0796052947887846
0.7900283368678798
0.935969706378235
0.46765694455398943
0.6123802530757669
1.000444333306908
0.6517143509965
1.0184275122455302
0.6929318552716645
1.0692583891470517
0.8733949307915779
1.152837300411275
0.8753000367867384
1.600954710151184
1.0085912166571815
1.1023647066671967
0.9414002681086308
0.47751342415628295
1.0492373161910087
0.545889043222621
0.7648363182755518
0.892745530716407
0.7791408742773852
0.5890746569328311
0.8393375165119719
0.8216767296064529
0.7144050040247696
1.112074831777708
0.6950106551393382
0.9346253079290189
0.6325910993218069
0.7272697640292181
0.7809574769017975
0.6066319054269285
0.7720451415019417
0.9612476186901974
0.6083523616620854
0.6526876127837209
0.8522686517950181
0.7236199578021087
0.8819611428336877
1.0660669724647034
0.5204095896183595
0.8514845006415653
0.5626484426339534
1.5320013216116732
0.8188298426624391
1.0188647713906347
0.9246131539846972
1.082592381279392
0.7711296235449876
1.0406146211063836
0.9195974852535121
1.0513867502851677
1.3578814159988435
1.1484946871166266
0.7425984333397617
0.4082647560493924
0.8445175977819295
2.408053992371249
1.1533728176036477
1.1472419655140145
0.7462809279398791
0.44482425448869956
0.9066334790886618
1.0077826342420788
0.5817052161755676
0.6540194559991227
1.02052706349449
0.9977964078998164
0.43268635089218377
0.4937659746872446
1.505265310908951
0.888170145764216
1.0885697936208858
0.9298258964148124
0.6056478390943418
1.1951338901481037
0.8737603875938224
0.8759797423861592
0.7393807528802381
1.4896758736372362
0.47944330633118903
0.9117293250261843
1.2111797666313038
0.7123311619962929
0.7998124246423965
0.6065279695587115
1.15068421359678
0.9209059861819483
0.5685022227901761
0.9032746883771753
1.1239831998381036
0.8459779132974022
0.6717389514090661
0.8798847927699834
0.7555081325048126
0.702503637966626
0.6792647251022722
1.0250822092133003
1.025606538262506
0.9941298171427585
0.8066211793484412
0.9370924513695235
0.9839080138737629
0.7901102233693549
1.0991926917780215
1.2539247648203564
0.708355610323251
0.8575658168376866
1.1633710528106496
0.6445361757106572
1.017156445905987
0.7955037649783008
0.9428553299782073
0.8853877684145178
1.1447610882266837
0.7510060648692819
0.4612054427561575
0.7563367822986395
0.5881439922945771
0.7518681790135874
0.5196185205150416
0.9227875487931715
0.8634426879770315
0.9959301843931124
0.9567415995819527
1.009360467283745
0.9517554610449884
1.0140586764311992
0.7140561947395748
0.6715655676732314
0.9998226699443648
0.6708767852282658
0.8200951717772845
0.6175682885026229
0.9601330252731649
1.3681155986429951
0.8174910131808742
0.7219503323492081
0.8518150559815475
0.48076368381625256
0.582311774887196
0.9262204724675916
0.7531762296820871
0.8550769725197055
0.7486362522718973
1.0882918629923752
0.6344028830807448
0.7506518795547316
0.9354750339603245
1.0637523067135495
0.8594327131675351
0.8801661414147716
0.8063906145739801
0.9778676962587037
1.4870478260062219
1.0134411973738702
0.9270011707582174
0.8573816446166548
1.0397474259368642
0.7689902703329603
0.7500127585128228
0.8994573289925077
0.8633285991674667
0.6363254585112864
0.7632112939766074
1.2106833552589906
1.0773314322290737
1.2992491993172726
0.5833807008581273
0.8774306244821838
1.322476665854976
0.8526981351517565
0.7936063999866476
0.8520682551393682
1.1467660293866746
0.8607630433752903
1.0925577492068914
1.1253480111623282
0.5101619793273564
0.7375855797549218
0.728294444505219
0.7342612746079615
1.0079134677330122
1.0957171623427087
0.772109928660138
0.7918315228124485
0.5040112609748353
0.9054633853699999
1.0544212612736799
0.7240665030870518
1.0626238486357862
0.8977340234795584
0.7814046614128909
0.4639582534642116
1.0691177921473574
0.912549450571338
0.4850821502428476
0.8555628871676696
0.45655059155651323
0.8412252437783806
0.6301336777826008
1.103287605131364
1.1056213378225552
1.632861274355109
0.8608002490938137
1.1759616348929396
0.7599038494001235
1.082231305451257
0.7314214268630251
1.2333915806970301
0.6077889358639691
1.3849300196455614
0.6348282628576075
0.44315319160510036
1.2557832451989
0.5651693958652027
0.5693078705637566
0.7204464028319016
0.6653779429500584
1.2164004796481185
0.9920538071767527
0.8311896648953305
0.8057877567736497
0.8157276534250955
0.5316966704665516
0.9215609665440004
1.294515919494467
0.4836687404544495
0.6674370461415587
0.8383542260066484
0.9007746622493643
0.5556572419331939
0.8903765751945037
1.0665574472622394
1.0107669686250365
0.8437832838230476
0.8503459868522724
1.0020311237563817
0.8080072419244096
0.9828841511338112
0.6806536714516541
1.1051277638889354
0.6912774862166153
0.6193654779472016
0.6611999002492238
0.9931740024186698
0.8117726097541091
0.9919150435867764
0.5882435630064168
0.7820420066379986
1.1291198782888905
1.2301202022973479
0.7748954158208466
1.0777879600775706
0.624950764957027
0.932554401170227
1.0957513996490238
0.6421934828944608
0.8736530791176854
0.5522740987393553
0.365677202449311
0.7844251111042079
0.660650569447957
1.154046376561145
0.80812605324183
1.0061849702607353
1.2233140224083736
0.8852110949023982
0.8385475700879157
0.7785219352139184
0.8636455932071042
0.7673978143524699
0.7486966224649914
1.0318418840650965
0.8251517858381179
0.31557247074445316
0.7541020885169197
1.7812989544861293
0.9294633872414989
0.9399554641788227
1.2481528429215303
1.0581794134715532
0.6218809972482737
0.7087631836454055
0.933228015667304
1.2892557542093934
1.9237297041935686
0.8188199351076589
0.5376974524592582
0.9850847335815683
0.733444261673617
0.9728370118819282
0.7654917710224228
1.009124440000587
1.0708269571100932
0.8418790001604067
0.6818971237861379
0.8376710542008313
0.612777107577864
0.8835683193101073
0.7618257017041884
1.11222611655274
0.649154061831561
0.6006853105490779
0.9109297012774028
0.7019975294148156
1.318303956500395
0.9033513947948991
1.0187769034143808
0.7654908334166938
1.0994876077274793
0.48079141435183204
0.968258274584067
0.8958233363601503
0.813242632164765
0.5427866870911155
1.1854499211815743
0.8186876386383367
0.9716520196149591
0.6915898460611297
0.6731313742671425
0.9779156927570315
0.8976834514505198
0.5467185880239003
0.5456056629585341
0.47394235369603843
0.8330557120182166
0.48616443107739116
1.01760458310054
0.7368740910414329
0.585021417401652
0.554138298131652
0.72677058177463
0.8327568434524839
1.0423572256989484
1.485806350148197
1.1749306751257012
0.6529830034710407
0.7293519254026982
1.081774360728053
0.8383090293060971
1.0568223898741902
1.0202926968845365
0.8376119387201971
0.9061861784390816
0.5327074835689967
0.7933775463676831
0.5836391066938149
0.6173275457927027
0.5325581770197431
0.7010609276565776
0.8349173900997091
1.2393240149203457
0.8467417410435021
1.1383076144232647
1.2654142398875443
0.6925218451780168
0.6832786780029033
1.0032765855699068
0.7283130911538909
1.249570776380439
0.6591668384360847
1.0225819444372894
0.7406600466185633
1.0306831069285922
0.5233844623194294
1.23345012405324
0.8093606855574843
0.7891273174778141
0.9829025269106898
0.5548681872880568
0.6469546146586475
1.0659069319264027
0.5742455145111862
0.8282010077799498
0.9654200512256684
0.6338257113071253
0.9127431147984172
1.0896770620563594
0.7030865725685693
0.8775660561883188
1.0987400242202516
0.7526694999199574
0.43553690007603385
0.5441113271569555
0.5158740539221935
0.4617014726314739
1.3545754145073645
0.7726442566006287
1.6086796203750335
0.6923720951250757
0.7549079868488271
0.5776045046883178
1.0606400949187782
0.7877349979096216
0.7395207185158323
0.6989550127008631
0.8117801577112896
0.8609419263356145
1.1820452900138996
0.7987655934851574
1.2422927669026436
0.7030214764750774
1.191347128550881
0.8973343521152263
0.8265529501841514
0.4825199066823581
0.5211791688477609
0.6260140010595826
0.5905256952842745
1.5375385210994557
1.4948415111640312
0.9204996424255699
0.8270269112592743
0.5492191909328084
0.7534590599655067
1.0266328437442924
0.8920218835571193
0.7288806428444569
0.6657083352411244
0.6739173860015133
0.5312901100377159
0.6315951883692366
0.7075022632363466
0.5526831531813649
1.0947669244885252
0.7509699349276205
0.9136591149197285
1.0344655898742798
0.9462601435299264
0.7270808760380079
0.7769415617199942
0.6931102977732206
0.6883235292120954
0.683548523362805
0.5618931172216367
0.6441975222021729
1.111816333256888
0.8514904672684921
0.8201692395610194
0.570770059575145
1.7468011349723365
0.7019735271123145
1.1696887237794118
0.837932640733559
0.5195594999009574
0.9786120106482282
0.6352748851145814
0.6533267725161008
0.3808858989126186
0.9602719122635507
0.9450722793554146
1.1504897051627516
1.0648474521718343
0.6420326008328314
1.1759270339769339
1.1506301083627495
0.6970257483863664
0.7065117722583767
0.9446773645737853
0.819356279891493
0.6395245218013837
1.1757924518214604
0.5187305847110267
1.2508421976617963
1.04924281738794
0.8077553554294057
0.8831199386936116
0.8871145107518713
0.8946538130902427
0.7856502560970354
0.7982999729226322
0.8137114047953846
0.8704777409825551
1.0468828017100211
1.5262312916192704
0.6307735705566834
0.8124559872313205
0.6526982408709695
0.8397458785188777
0.8919417907218555
0.6923590162163776
0.9506166783889586
0.755410066918102
1.373235088618974
0.8078727145824766
0.5484600433358322
0.7246012030052714
0.6041793321352172
0.6482281066970433
0.37375830929226816
1.0891597272679454
0.7575615718392068
0.6833990949588575
0.688063506160885
0.6637869108696023
0.9575943647672943
0.5982200604875946
1.0807621093718256
1.4852642670474592
0.8519179351632727
1.0342890457959364
0.7351784040255402
0.5000702622504132
0.9655396723650623
0.4294644226915475
1.1157017405064211
1.0395197201449766
0.7517306888008781
0.9095060194484658
1.4564869099657065
0.8479590402335725
0.8571390565594549
0.8286762474200013
0.9821689402879353
1.004856166002925
1.2373683270874922
0.9521061576619824
0.8751779908215517
0.605152200613021
0.8969022366202549
0.6553741775194278
0.8189159194025213
1.214792207016879
0.8168834103826251
0.5776114706189738
0.7537515569578916
0.8286235517831232
1.527956850192552
0.9175328581855539
0.5848597494174311
1.0088280380466355
0.6696479983925436
0.8099357441208239
1.0058029195629492
1.2942571849831916
0.9802081833696824
0.46547317845337155
1.1624675207694932
0.7872045641671632
1.1170801802071755
0.8001190157688115
0.6267188705038085
0.6616950086596415
1.2504271159670444
0.8219126490314003
0.7588126455138536
0.6827740448222253
0.6311884283637725
0.6784537767799362
1.7774722867094075
0.72261321027858
0.8690241758190093
1.0585511967965886
1.0758488864215978
0.5914819112349089
1.0020096979298951
1.0649892398633105
0.6160825138622149
0.6387849982646687
0.8605037922996218
0.8316672425847886
0.5543884948774073
0.6507670588640687
1.1304554014371502
0.7715699833572178
0.713100355165776
0.9107851466850941
0.8210024131050695
0.5432922061485227
0.9873160869835179
0.5083484538283468
0.7314096801210743
0.7729783275923399
0.7050738955817426
1.1831643237877685
1.0363627177590495
0.6325649386582808
1.220845557508665
0.536791661180889
0.5494632483940123
0.931412339134757
0.7734818792748134
0.7670213110391799
1.0334476096760892
1.3458217780893502
1.354479260804348
1.4112308483274618
0.8304870537399904
0.692433191263422
1.2749201708459934
0.9262048324450064
1.0354942103662468
0.9457184188253834
0.8550198117299456
0.7997407289395353
0.6799397592067015
0.9957656614735025
1.073380391084952
0.9908955169962584
0.7484228008287741
0.6127310241786579
0.863004942426073
0.7607418442870174
0.9345026124528982
0.8951014928971309
0.5139453454993289
1.2919801463257676
0.8169312275389952
1.0551541208299557
1.0824385321056673
0.6591890826283588
0.5749347879558792
0.8380973068142497
0.8054665637807131
0.7938381023004442
0.9570794305971483
0.5979471311926904
0.5981712478016126
1.436531911293631
0.6944216292918938
0.8187560386493082
0.5398577324636266
0.4984722334180265
0.601577828134293
0.6860952654564129
0.6259366847111015
1.452673323795386
0.6745127640076454
0.8422825391882192
0.790620412512931
1.035499804600818
0.5447046342042818
0.5711086226714891
0.7998200080285115
0.9574910271415747
0.7964055607341001
1.1608011267473233
1.3573390190245729
1.2162775590261854
0.7915929510607929
0.5221415481995838
0.6789990260921456
0.6982944789785753
1.273943339121771
0.3863919427318947
0.4403948408509595
0.8601417432717623
0.9640164445454863
0.7223715606905486
1.3423826036677877
0.761212960713653
1.47503567295476
1.132116751968817
0.919211087156692
0.7853796565693767
0.7592554588077446
0.7968918942423515
0.6654533800809159
1.3898384617843005
1.5756813098160836
0.8228675888712618
0.815636787275503
0.8439166208069383
0.9429573779629478
1.14514162094234
0.38635904342812344
1.278635792259915
1.0740718581461661
0.6782231178985261
0.8494616994001117
0.8690963227339931
0.7852632870759817
0.4748836373437021
0.6484835437601938
1.1012098471266012
0.6326106310444648
0.8128305086572726
0.6577889252516935
1.4377145672749199
1.1453386896391702
0.6475356826785476
0.7393128151720693
1.1510745152001187
0.9946848269686476
0.8486357640728366
0.658082695485559
1.0972729640193972
1.4651886814787798
0.9272681665455628
0.8807180193691909
1.2908977994019037
0.8069632348516107
1.113874031891815
0.5360619535262696
0.9222535073662123
0.6628754834400524
1.1054689827059718
0.783172990238908
0.8457772706533714
0.7601441170411373
1.1141186620566168
0.6022882930881125
0.9339176386807461
0.7003410074885067
1.0308465541972731
1.135340646117259
0.6691779800978043
1.3806682116236628
0.9705959048211003
0.9968122691564872
0.8751148755181103
0.6001607892159897
0.6641607873422003
0.8952193970360244
1.0423653877586314
0.5368228034938332
0.807027263626775
0.9947719358157995
1.3125111710931936
0.8043495238439731
0.6505101226383374
0.7880566226541028
0.42635657084195644
0.5849829866055315
1.1454702324890262
0.8875866831881082
1.1130229201885458
1.1453320824671838
0.7545168058986113
0.8367141706521478
0.6780882327451319
0.8716745456523224
0.5800451716883414
1.7169627677123784
0.764779996778897
1.2899999375539304
0.7363441912732023
0.8806508097006706
1.1357365053299326
0.8718222633924225
0.6177184656814273
0.6143325953717476
1.3327007073715034
1.333031888634465
0.7279245049563333
0.8915694882084636
0.7498526751275222
0.6079582746303885
1.0111571321313193
0.7626787503826318
0.604414616358325
0.525293932748474
0.7217517531854466
0.9846775603169432
0.690939743563575
0.8329100698304525
0.9851111709017745
0.5726554073933835
0.9418924675939898
1.173627611088403
1.145016897690209
1.1954075510601456
1.285622534309942
0.7007503606850709
1.0842864022764431
0.6833899797691452
0.5562399263774634
0.8133172132444237
1.4618172616589677
0.3054555309324669
1.26019380331236
1.039465184031152
0.9670064706063467
0.6084153176310558
0.6814190515340206
1.2260766891620045
1.2990307433406574
0.5900431884414096
0.7460877544018542
0.8470248737320918
0.5569903795712632
1.2094425416156622
0.42015080901948354
0.7406862273094696
0.5346663070663584
0.4382931727945991
1.342034397238619
0.5712853478400143
0.6584384003451876
0.9077989686641578
0.7758241741203004
0.7977009993871395
0.8045510651561415
1.4238044202342963
0.8424837034834388
1.3393425048044543
0.9626857846696829
0.647541533087041
0.6418086929699243
0.8630832377986487
1.1247227092081988
0.9523722219462992
0.5400479894975915
1.386389441889476
0.9761430646147068
0.6263921768140447
0.7447036883027053
0.8630579368833692
1.2134632108021504
0.7991519078598973
0.7167608412094815
1.2624072838382263
0.5864957984581416
0.9697168792225649
0.6825376693524243
1.0079964595983695
1.0232552451452903
0.7853751957300422
0.6413247273740215
1.14557357126604
0.6754262577887025
0.8314852509699545
0.5207064647076938
1.398840910155517
1.457398354217148
0.570551601941514
0.6157700371586081
0.6865621338268146
0.7247563779559921
0.9190359008719434
0.6329267512543243
0.5846129909631191
0.9432795108521411
0.6917626868851322
0.8070215095955999
1.1620970170605767
1.2133268998426419
0.48648403963588926
0.6645127493011087
0.7054625171448826
1.2369614123326818
0.5614322008975061
0.6299285596622404
0.5931149357342128
0.8561883020921205
0.9179238955088266
1.2168914413343632
0.29963755403358305
0.872402517658872
0.7016567038313188
0.4427683512165619
0.8295058114998325
1.4729701281631973
0.6127316132482811
0.7387195620548603
0.9777675598421577
0.9675747399643523
1.0376115412382174
1.0468313489503538
0.6408803321257955
0.9454370824411117
0.9139886115032277
0.9448791261984003
0.6887891267733149
0.9419970218775696
0.6020250838752401
0.9946486005398721
1.2906750044098914
1.5260383731236287
1.3304868648109274
0.6615513696299928
0.8039898004611864
0.7734103365825116
0.9197763612049054
1.1341206954893432
1.586138461830509
1.5036743631083405
1.0050807890090727
1.0465443759946678
0.5486543944234428
0.8624764527047245
1.1815712372463063
0.6715912509067411
1.047035601190055
0.74731666884477
0.888392574067583
0.7974302954656773
1.4061854460340417
1.2163507892129246
0.9293564213097271
1.1768024585444075
0.8848224391731813
1.0541292898670962
1.1020912545632708
1.057101779331776
1.5994255149867709
0.9303145522498822
0.8411549840308218
0.9537520018169258
0.7730786125044424
0.656563567446573
1.1102082243048923
1.1038560473593722
1.1628246864517857
