361.7404324632867
542.5434959736513
306.0526913600769
339.2885000962504
296.0202805290968
348.6161723278234
353.01725034509343
291.13456025611794
352.6202758804892
300.70181871691057
422.32086690691165
365.6708029612177
466.4242700921123
397.2467629543507
356.7505175058221
376.8008764607217
398.8427541049016
623.5945652225263
392.1315865985962
292.22952406302613
412.6764356765634
383.75562489703657
560.9446022651575
266.6107044243641
383.9264718931397
260.4171089452723
320.10688249368746
413.1767968007957
509.3478276071379
584.2222987678246
414.7386198602019
418.7355174773393
650.0422628303356
338.75929308060074
363.2772672371556
356.4992978151371
559.7884325854073
500.7563591472593
488.00739605290306
325.18424019427584
478.4953479746125
261.6277150074098
464.6221149147289
604.2844962690021
441.91005063437063
362.9951665762653
482.80770028260906
561.0702185562828
420.2774786891716
354.8744559633738
574.2463887732449
441.92794394578345
428.0706960386237
376.0869237166576
543.9729064798494
405.9396130720804
517.3989601252927
390.1954563717595
374.9626978595209
374.1725180756562
346.8860405936325
564.3798581582506
548.0308706801076
388.195047149081
464.3783920349753
309.9350575126319
603.5165380465374
472.02787067983814
354.7852039971666
502.18041481045293
557.4743423038698
309.21805755753957
414.775665160368
551.8155059148637
358.8624565875952
536.712790437562
241.50909745037927
440.7757890534905
430.2287330347957
329.9937180163296
489.3921289835447
376.11828459043915
419.114990884852
312.2367184102944
405.3238641191233
314.4422064623509
344.43708356321133
436.19258883829485
498.04368781469947
613.7650051275224
258.5196521314487
397.14856347850264
484.616636187816
442.87227370882835
443.87742367461914
530.8018127545486
477.19527199342144
349.06183040597386
511.0872719380555
345.0040806522065
354.080982095251
454.93168361042757
242.52076126325395
276.3762074725052
249.11469740198535
291.88117092342287
390.22242466706996
259.99047188204094
500.81456627002956
428.78281631433026
500.186341235675
405.8875149701733
309.1380923143568
329.0399425425734
296.4955019338031
529.0441107546021
451.2688213219142
641.6508840724229
321.6988767836563
357.31230689333097
225.21121737809506
745.7469249189251
644.9335219330786
302.93990439602936
459.77351885186516
407.8436094314415
445.43234287293274
418.85393065870977
427.73160675271487
506.4852084005705
282.8402941558821
380.46405529775416
358.2873670312593
508.9053052612114
488.79422984987156
304.2319795669062
649.5014438514548
300.55500155302354
213.61500399460698
375.0378017361665
485.65647933599655
456.39774647732463
222.1617870211601
390.0863320840414
390.4941676609218
597.1712849278114
244.61015310898665
500.492733942511
549.5961733610484
418.42539588125527
366.36151641740537
376.75411394516
378.5989500743966
324.8677784676279
350.3464145758576
296.0551710922558
433.4077752383122
527.4977519418771
393.3664022450745
490.3845435800347
331.01178676287293
401.21214068754904
492.2690276845057
506.10141801604874
475.0945763585376
399.96764859045896
435.81673125211694
670.0946024766575
321.37638831800933
487.79148668420123
396.55246553664335
287.012347816547
278.7963248679765
443.8853688683298
478.4766291334969
410.7922041518233
515.0921046554694
348.17260896079364
406.5640280799155
321.2115893968889
389.8365030931341
441.9253234449704
265.42728699103566
221.72101274487886
657.6223710022974
423.84744625560313
434.0257784871065
617.0350322236303
463.0441393231069
415.580545042714
568.7773271425575
509.77605900495973
263.99436235732617
362.1834803597277
417.3971332538332
301.4771617015614
336.5718359012354
461.5489145116665
328.13583510191705
574.9988474986934
537.6483787780505
436.41034796682357
532.8712840857314
635.267194263394
437.87244838666317
318.2508248177059
351.57140525849223
489.6162742910292
485.55107378380455
559.6573595612396
332.02755397774655
413.66639921544066
495.6917079492522
555.2400973930182
481.78753685003466
463.65741995991596
344.95620518841304
391.2466952107837
402.29564902299336
342.92720738039003
399.7755346557521
395.79689358074876
464.92049097148237
434.5309382766977
446.9588477539394
467.10468488088907
297.62895454363695
292.19414778615
347.81289505002957
567.3022120647847
820.6695431378632
325.9836670413337
297.82079611731314
502.63729428788986
329.0166130102715
438.4513842761387
584.696378607671
521.8880090742475
325.7311500879431
408.49290714288446
316.55786249198763
415.5392618256603
418.0412484644497
531.7171996165395
409.94473545520754
277.06960237039067
283.0011492622483
393.0978230786413
483.98643258104664
320.56228520202495
371.7439533106285
380.51379885259246
284.76374840101965
608.4164725731404
354.291864453892
359.1001662356811
253.67124439200012
532.9450793299366
336.20870731853233
302.40855201996516
322.257118480179
412.9726996788022
482.8825555599021
339.2157466680801
395.76710597877025
419.9137381753773
386.7262580561229
853.6893469247985
493.8755956679069
449.915785774632
563.9236058114633
672.6041967429791
448.41215795375365
310.27130205986515
539.8390032892975
412.29748503489355
404.3379586712615
657.4418943082254
536.060373822631
341.8123443600751
345.4285656847519
491.682937084732
385.425801840526
327.7511937406869
385.75779397418995
418.11405710048655
377.5328071489107
511.4775372919809
312.2222421271657
395.15036354089324
335.4250013089887
534.7249603945079
462.8645989794193
631.8815846739666
489.7773674930679
561.7495565349166
415.7128601364224
372.7073642999611
248.10459867703742
398.6796604252658
337.9540308433312
479.7122487674971
413.9794753630082
517.0620450651518
308.6060462594262
410.56541049410674
362.3620456711175
359.20224935645325
332.5092306393517
353.9312605957938
527.0903040680957
398.5902849875149
432.9680218258722
629.4546506853106
460.7910550597714
564.9158626893374
315.9159126272713
316.36121923416164
473.9567245625602
583.2254660109033
482.7378966802015
488.3792010851154
429.8478274563704
488.2344637520719
280.38559356219804
475.32055715040747
399.3553288475517
310.55352625631105
514.4340193284384
508.07538685141185
682.4263311703228
293.10139926516194
399.37055827432675
404.9578656459622
494.8613940067751
344.5996105219884
316.861630425111
412.47308458872914
413.10506056578583
306.0016479001361
452.0709540200292
492.8423653087313
433.9650394570546
434.80956937778274
591.0232971304054
492.63776867550257
409.41512009008216
524.5289066672212
412.96729067318756
389.8621340835593
343.6119869193133
380.2296625998922
576.9694553994364
437.5495782895371
305.4389858808758
293.1727653679778
421.09989948775035
391.82462822390016
300.2604830701343
387.3943090713972
389.4336633905188
561.5494440694023
457.701522759626
192.3631259041507
310.5806162673308
307.6503964887955
648.244649686882
329.77085065676397
645.1733775066434
581.5150630059793
366.59147100079053
349.564594841264
418.0264165679113
480.20689967401444
726.38465142679
261.9896950726266
434.4661422273536
575.4613023479194
391.0379483129159
392.2243281286595
443.31230709123366
432.7996469789701
368.6368736020151
251.12016927400197
378.5294495042339
376.81828138628214
381.57453862781756
201.93229379151995
396.7207309771787
338.67901711002946
322.8330445453313
267.63018630481076
552.0010357311808
411.3014472873209
313.3532256210872
467.7410603118831
429.2874444453953
478.00627071787517
243.97718341706673
492.273817741395
488.0838276786753
492.34459160702846
283.9267136622388
564.8000436950166
519.2835382566441
431.4513601599342
322.35134749379426
471.372313819037
566.5678511688925
422.85629576505545
618.2533512461467
258.7635463185377
358.3840598097163
895.3207132515389
523.2714998762415
482.31158427681976
428.59515120028607
470.94875487518175
394.28921129145766
362.01782952872105
428.09813249252386
412.81716121903133
360.9483548805082
226.182005904898
658.0646929347869
252.20356723018108
377.47591980010617
436.928026917029
500.2833271580881
562.8408371086152
367.2448841375879
450.5634335519754
449.44433076762255
507.17425496779225
313.335092574778
337.6840254148366
405.8083258104121
399.2628738969121
419.7477210058581
421.3059584518343
513.9420057948535
265.84292132943415
353.71509396662407
330.6604380162618
418.3777422174665
382.1070188948498
385.6147717130835
673.3992164295164
585.0411925475853
458.68370822149
456.87578035343347
322.8524883022628
417.41862197827277
460.5057160842817
366.7299547766149
492.4689130149936
425.788265723559
573.1854274913449
469.6744553805097
246.6231888087595
525.4125970403666
480.91669200503407
409.8895485455671
364.3539795519279
406.1430765386277
255.29536282801612
296.9445513958436
302.658445498847
436.8148119767771
449.9905949221514
430.7866167481634
598.4571036639848
345.81567707086316
356.95875075047303
382.80197583023596
534.5491585884718
294.9042525632645
313.4697079512827
385.85939854186023
719.7510128010248
394.4494601929531
373.01648961560915
455.6499646753966
478.89617497636925
511.5351666956139
582.3406883319076
263.4756585676944
591.7277093379421
409.9385317016409
384.3254925664469
441.82582469985346
350.05934196056864
488.1668506427869
307.44985349576325
569.6781470757463
377.71672094497416
344.9048020789921
278.12612936960716
869.4695767592643
208.61716206359554
253.89548062895264
387.3396959833582
302.61468424186546
369.4023368064496
323.68375088253583
473.95493751104766
395.18699962803584
388.1424454215897
661.7397871153735
643.6881068021231
340.18501098026087
636.9810212329202
325.97086806618114
257.07152085096925
449.9237663801879
384.50647456286214
853.337610578533
549.177950852698
365.025515837572
666.8825830188265
420.7889262221577
354.54548497586524
255.44377568230328
359.86125514945684
382.1676304450781
401.81601702571464
467.19747221971335
354.8120428262192
626.0324711161502
439.2775892954404
310.85844350776694
398.71932944891506
417.6287764626445
389.22732899113936
375.65428350575996
387.60615689184897
363.41326927699555
382.91427878601314
425.23555077853246
342.24294553542336
309.6455814975993
557.0493684564369
325.8500685014076
388.71382416833114
418.3692809661588
330.8784067896726
264.497514014008
400.6888053712177
230.10737364121792
209.2872284534379
443.3981856964408
406.8545030781598
479.97786198175146
465.84042991023136
290.092014160397
472.2169262045497
408.8971259434155
320.0579508863826
278.716152449698
374.67368208260604
391.82014057691555
456.51292218480376
317.54119240205955
503.55740216715355
558.1804103038917
401.55382702231543
394.03498136678905
350.12984975258394
327.3210298485142
415.76019923555833
565.654889582406
475.8907204912326
499.7406617507033
456.8930597447899
789.7591776948657
458.0791688936143
556.7436248523901
435.23315362248957
460.47388345808105
360.78282275982644
489.76034959780736
519.5806760021368
621.5836705594083
297.2662555800762
367.35707178274424
492.9593270027582
436.1201208192911
758.1587717796505
254.74708825945137
375.37479171110334
327.1579758134019
421.07112858400217
498.5246943629698
423.4499800995807
678.040278548872
496.193886065087
446.1101342846364
537.8705496707981
301.6566317645905
465.18247701693076
448.6418938338425
484.9230001820047
399.8156080921328
398.6470392869429
277.262101884059
500.13704683789825
599.8316205214023
461.75586681584684
392.75063791696573
405.3943377488118
429.11445800779825
631.9175766649777
460.45953986899457
288.47489839628986
238.6861390475225
513.2317861139932
353.3763080840976
573.6817419877938
323.3429476744604
405.97746894890525
482.3430110259302
358.8226713105661
408.34273392721923
495.94502507600504
318.8838333195124
485.18069477001904
270.87664628655455
485.1775095270183
401.47172039842025
305.49871023689354
636.3772130446421
557.5038121392873
590.4181236334673
447.2565704927283
275.89718160714693
272.3781993982603
412.1554463807404
337.0167983369954
350.10343758850223
477.1990004081367
485.71685434389315
610.1810371456517
390.07733687095373
567.662991157454
359.20125474280593
601.8358978020929
442.98553036789735
323.25260201298437
588.4956543835902
230.61066150279603
284.0833137329849
651.2585993754079
404.97141864275716
385.75800263608875
487.85880900848264
476.3792352018689
360.89005649188914
391.01117837149246
259.2098606985307
310.06330403677964
510.9763633460541
381.99811584891097
357.654706179765
310.4622048040949
612.851954093205
419.8498002168497
318.3757486844399
520.3242210228761
336.689998004873
362.61752558963565
453.6405339468431
520.8736394896316
454.29125867081945
448.62948893905497
469.59957431311705
401.29131473659726
316.9587747828101
361.794074097095
433.82110184082
379.7145452244212
416.021523428457
312.9986847908676
488.6721999240529
442.0093311096632
513.8312696630612
272.24301059236444
354.21458172677956
628.711043952032
471.9692803964227
333.531474460132
457.1097076306302
570.7782009701666
387.10557663984497
353.5941948399182
419.0475343194008
324.2686244510526
366.6107666388974
651.9551354739376
579.0899528908551
419.7133921856145
406.465062126613
376.5510719949033
512.2341844664359
359.0247009616142
421.94936682981347
423.32057254076267
526.3472203257247
519.7968223569936
477.55699793501424
367.7847797220669
555.958454768773
383.68961684855486
295.59178848198763
402.37154676731024
524.5134748917691
457.81723299325586
589.7760201161841
333.5325708892331
467.7484347615767
295.57954439985224
598.6697539147718
332.374700719312
641.353823341099
486.2208435885574
474.1312978854842
599.9970606936215
387.33970003633607
510.93842470431065
283.3208028468236
410.6297668017756
223.77917212152843
364.7684766493082
334.3854725799835
608.4584209522834
363.23377692622256
483.50878337949223
472.9864675093356
532.6084538380663
432.95410441964674
589.3256231072705
496.6831922112842
382.27632148449794
300.8245889662875
375.6116317118011
423.53201625823255
497.9785512497038
544.7400899060639
564.4507515906812
403.65132531930647
492.14026134210883
397.9302678474885
425.21441667242965
302.56730900052264
357.6892758724528
376.3681118966143
484.48436553256585
377.5607802662776
353.92334705534523
405.320458396111
373.55330210855436
277.0768105835057
410.80259139425567
415.6492432216953
252.60728974198724
547.6444588890755
469.5613854207825
506.63779196752796
307.05047900846387
394.01244469624515
432.5203712135389
289.11471764479086
526.3337412632482
408.35440795155387
428.16218425866884
633.7707445044692
314.5229362758769
206.85582323548027
348.2756891887903
476.839336617891
442.9963582796996
574.3684027399482
590.2262543258561
240.4729928040939
348.5303005419564
337.08684518606117
541.7249318727519
311.8305086964563
342.0144592492509
413.74150117730414
239.16737566060343
541.8836929368247
560.0616912491129
388.2667183635192
676.3057371091802
331.463509279581
555.4028173680166
510.12471758183625
301.3984267558268
469.44143897124934
408.86930695312503
374.153191559947
355.9037719381005
346.49528797866225
231.49972332834437
297.9338749490212
536.2769082662804
349.63813355024143
580.6039675673582
319.40225148680986
483.61744114299375
473.35359580717875
375.6514959967927
542.980482735301
509.65439254308495
283.3186734066644
488.8077767963377
569.9714541940405
612.6465304071295
452.26463605813416
471.96597144164656
397.4010314330517
512.3593002989179
391.12154710468906
284.090358189211
616.6015688923001
600.2003117124717
390.19985495484724
582.3389643363248
494.39592687140106
438.89652969040225
578.7976548830767
391.1163364585678
393.23121648624175
411.0338671819285
338.0947166034973
442.9290647698309
455.71564551314384
339.3923741719553
388.44914481040786
350.8747843595359
369.1192656329935
556.2388779995337
495.66300791684233
334.13725060542663
562.8135434067808
329.2596696083455
442.4853171768791
397.53346500513555
368.10630554459954
429.88681310997174
509.9745998347249
398.5288314005195
576.2578692714043
459.5790059659443
499.28133521941675
310.28511226095117
375.1144048995024
275.70535122012154
425.53539984696766
281.5782471278463
399.8731105772573
317.7188682075561
493.1870735848374
431.43699467112566
343.9895768557918
354.4897294174786
508.2954766462104
368.3130324778006
273.44103553853813
331.24217239205564
412.9333674695175
405.0336377039811
507.1661413610542
400.6945709724784
405.3095834734243
489.8182085182072
387.94211245782924
493.96247541379176
393.8024530220453
298.3503907191862
545.2290572241668
534.2072799553445
360.43920933203526
700.5784663319695
457.5565522980587
420.26406014353904
400.6865163884643
374.68434891445753
343.98460340423526
410.05996002299855
438.0854072014046
601.3325052027103
591.1615010822269
383.2836196486707
315.8654940924936
468.8759908177663
279.3639621252284
370.23476114496174
487.0398079810406
347.4636081091588
295.9843120141579
445.462927462141
493.6265128664372
509.6202479948703
446.46202326906746
387.96698254338963
489.0483418382322
513.2446992600806
326.15731492073223
414.5026579434871
729.9623881932674
434.565222381709
542.5878976842804
332.2658604961446
406.2955630057831
555.4108147005285
288.4400289106549
457.2428967660885
439.0160135607117
553.8370849043711
373.95245514467456
381.3822031344639
565.7538835309405
229.49826635962071
321.97168679844606
642.2234056954742
522.3204863719761
321.37421584052623
398.81060234758525
377.90188850893634
498.29432408926755
303.72758834724226
326.1758202945437
255.98313455383897
461.3495827477201
412.4085966939295
372.8547515701788
360.3907264669826
635.8601770179657
465.0157301148212
301.7562865006956
328.3068481740986
348.2923420767492
426.2283215334017
346.69039392946377
407.77179053865956
343.56944072088857
427.9249575449879
441.00364231446565
386.986468235459
283.59382522473123
524.0752233736243
305.89708810449906
467.9596783649244
450.7898621535451
301.7335816863547
322.40585974628294
575.7130024237196
409.62793824867214
586.1628528135478
331.66635597079005
333.5037507668013
284.98895952526067
392.754548559514
473.7327229016797
270.9895972545752
308.4610208238032
254.03146184952735
530.0367524054623
371.92453452867346
425.8420540360537
532.8014515554498
623.4402587397835
327.4121520418136
364.5499491940125
270.3507571887957
484.4989151772274
432.1495925566199
398.4965547278338
358.0000069240132
407.54448776487834
306.12614125985823
593.9170984773629
323.66934836157276
225.02311649365134
517.2679786733202
442.3087715994592
262.71159575171225
371.1639446384538
445.7286091164534
437.02581809784914
492.7672871015148
436.5943077913568
345.67153905622513
745.7302494274535
241.5415670890439
396.66245081260473
273.53211834902913
344.89763563617237
334.357719245212
428.30955193291686
343.5071421977916
454.9256700313161
606.2499495604832
379.8055404558346
730.1356978919048
388.38149368969425
524.9691698482862
354.1222327455696
515.4327571984273
462.4706863844754
508.3598186764711
486.96624599284667
277.120512305571
355.9567348219146
733.2819940391299
356.0075576263053
342.6010382087258
362.71036699256143
475.22751507554176
395.8162763287988
440.7567833095725
570.1373066378585
336.9679362433745
389.1572512891366
383.4688296661009
218.6885362369799
337.2269192814326
252.97326720170457
330.74825261708526
398.26463028603155
775.0892362185717
356.26436896897224
453.6153585156138
439.52327742355226
389.8469234972612
372.3774389707935
411.5202210862597
365.92540719910073
255.58617816003334
279.5431869079456
548.1023860077983
404.7787540901316
498.60455938779177
446.8926778066892
507.6798799503107
396.7035540781626
465.561409629667
370.6626446907247
393.43438072816497
364.54023458402173
435.4154044095763
436.4247614980065
657.8179981775553
485.99157499143735
410.1778955372611
391.5282013078999
283.1913073422247
514.9757516151935
413.05187706373306
422.3570402819058
578.8299714092213
469.1165152227136
297.1389848644845
550.2898242519275
366.9750522799875
512.9859192377451
393.4634050960292
454.83108234536405
333.49113041989875
397.18754360063036
348.88788963699267
409.5529575381598
379.5663066697122
421.7987117190828
428.97135629972365
443.2419802064083
406.44066005437577
384.7101418468759
472.13483629416055
344.38434334009895
362.281821431944
428.5320493636273
435.26227068076884
256.66247610051704
505.86602981947277
344.83097693610836
384.4441040244437
562.1142376580959
378.5400133144469
340.7885968740646
405.26981961320405
475.824569747238
264.293223131641
433.1437828694534
363.9266262103391
536.3163754371907
315.6196636570766
454.88195492371966
273.94817016279694
607.5833355607592
549.1082162905607
402.6591753070219
694.5180999158936
279.9278635951104
416.43455091111707
538.1372880440509
501.6556048765552
394.58267257505037
306.1647164111586
415.561046151418
562.6019231546546
520.82783886046
395.3781972093661
368.6937254657471
306.0227886625359
441.84542216271296
572.5234401984934
479.58990714607927
333.0895979536255
570.3601962064307
254.8870507017332
468.050269557318
393.34781734088045
318.3477657538858
364.1865773963108
411.39233194963816
322.48991160318116
593.2264008871898
264.3757063821668
336.17543326636974
467.9009938767181
295.8063631804073
341.3229863866613
461.4552544560138
406.9195229014911
395.37715039887036
439.0437445484714
500.12447748146235
296.2767386532946
455.4172609352052
335.71025724007137
242.33458253539547
270.6504619212717
275.18540270342635
287.0521805432242
331.6097354385468
228.97356147960772
384.4015725512798
363.3239754344829
433.0241624434834
428.13459978173495
513.820548178583
526.8614297947161
376.7023441146439
237.33868603981762
306.16197659829544
572.9349243636347
321.0179390178098
272.2036035499039
242.8043916070295
454.0073786201517
292.14680949564934
406.78231849283134
533.7418152523649
508.6941783660832
416.94212962172963
343.7545898619527
300.8576791957719
550.16106082008
551.7427662270807
402.98200599699214
458.24516167892654
563.0701901264487
490.6998883913623
240.99651867707485
415.32501654981957
359.9511808536166
442.27143997648886
390.2106896698959
545.2846427750521
392.350422391104
274.4822697551994
647.0415925501432
388.6569094308676
336.11418525126936
380.804524862344
300.5121026054864
459.30018139814206
558.3269346728713
506.1561976607119
485.9774227436431
382.74804108222946
361.48508583025216
438.8640584105488
261.4597572123149
393.44451356735465
456.8181173854559
362.4117422190012
539.9534475106018
610.4936598268487
348.5370210392498
313.7065688289791
389.6995680966642
404.7132623468056
420.0565512274811
303.5440169883446
366.6068555074966
498.4157091644998
316.7056440912229
291.96746908756876
234.42336145023728
405.57853930155807
335.3582165911049
416.0916111943354
519.8589675418057
354.4897431674947
317.3270598574999
400.0536255128487
302.0136565016979
364.7191552528575
594.941347402257
368.91861453001655
385.7425589064851
432.53082272095344
757.048844900872
417.83342440279864
504.3870628092404
332.9603753248725
335.7068306537467
576.7209599059408
390.48564813977237
402.5419179922487
299.83589144283167
264.9355282028754
361.7404324632867
542.5434959736513
306.0526913600769
339.2885000962504
296.0202805290968
348.6161723278234
353.01725034509343
291.13456025611794
352.6202758804892
300.70181871691057
422.32086690691165
365.6708029612177
466.4242700921123
397.2467629543507
356.7505175058221
376.8008764607217
398.8427541049016
623.5945652225263
392.1315865985962
292.22952406302613
412.6764356765634
383.75562489703657
560.9446022651575
266.6107044243641
383.9264718931397
260.4171089452723
320.10688249368746
413.1767968007957
509.3478276071379
584.2222987678246
414.7386198602019
418.7355174773393
650.0422628303356
338.75929308060074
363.2772672371556
356.4992978151371
559.7884325854073
500.7563591472593
488.00739605290306
325.18424019427584
478.4953479746125
261.6277150074098
464.6221149147289
604.2844962690021
441.91005063437063
362.9951665762653
482.80770028260906
561.0702185562828
420.2774786891716
354.8744559633738
574.2463887732449
441.92794394578345
428.0706960386237
376.0869237166576
543.9729064798494
405.9396130720804
517.3989601252927
390.1954563717595
374.9626978595209
374.1725180756562
346.8860405936325
564.3798581582506
548.0308706801076
388.195047149081
464.3783920349753
309.9350575126319
603.5165380465374
472.02787067983814
354.7852039971666
502.18041481045293
557.4743423038698
309.21805755753957
414.775665160368
551.8155059148637
358.8624565875952
536.712790437562
241.50909745037927
440.7757890534905
430.2287330347957
329.9937180163296
489.3921289835447
376.11828459043915
419.114990884852
312.2367184102944
405.3238641191233
314.4422064623509
344.43708356321133
436.19258883829485
498.04368781469947
613.7650051275224
258.5196521314487
397.14856347850264
484.616636187816
442.87227370882835
443.87742367461914
530.8018127545486
477.19527199342144
349.06183040597386
511.0872719380555
345.0040806522065
354.080982095251
454.93168361042757
242.52076126325395
276.3762074725052
249.11469740198535
291.88117092342287
390.22242466706996
259.99047188204094
500.81456627002956
428.78281631433026
500.186341235675
405.8875149701733
309.1380923143568
329.0399425425734
296.4955019338031
529.0441107546021
451.2688213219142
641.6508840724229
321.6988767836563
357.31230689333097
225.21121737809506
745.7469249189251
644.9335219330786
302.93990439602936
459.77351885186516
407.8436094314415
445.43234287293274
418.85393065870977
427.73160675271487
506.4852084005705
282.8402941558821
380.46405529775416
358.2873670312593
508.9053052612114
488.79422984987156
304.2319795669062
649.5014438514548
300.55500155302354
213.61500399460698
375.0378017361665
485.65647933599655
456.39774647732463
222.1617870211601
390.0863320840414
390.4941676609218
597.1712849278114
244.61015310898665
500.492733942511
549.5961733610484
418.42539588125527
366.36151641740537
376.75411394516
378.5989500743966
324.8677784676279
350.3464145758576
296.0551710922558
433.4077752383122
527.4977519418771
393.3664022450745
490.3845435800347
331.01178676287293
401.21214068754904
492.2690276845057
506.10141801604874
475.0945763585376
399.96764859045896
435.81673125211694
670.0946024766575
321.37638831800933
487.79148668420123
396.55246553664335
287.012347816547
278.7963248679765
443.8853688683298
478.4766291334969
410.7922041518233
515.0921046554694
348.17260896079364
406.5640280799155
321.2115893968889
389.8365030931341
441.9253234449704
265.42728699103566
221.72101274487886
657.6223710022974
423.84744625560313
434.0257784871065
617.0350322236303
463.0441393231069
415.580545042714
568.7773271425575
509.77605900495973
263.99436235732617
362.1834803597277
417.3971332538332
301.4771617015614
336.5718359012354
461.5489145116665
328.13583510191705
574.9988474986934
537.6483787780505
436.41034796682357
532.8712840857314
635.267194263394
437.87244838666317
318.2508248177059
351.57140525849223
489.6162742910292
485.55107378380455
559.6573595612396
332.02755397774655
413.66639921544066
495.6917079492522
555.2400973930182
481.78753685003466
463.65741995991596
344.95620518841304
391.2466952107837
402.29564902299336
342.92720738039003
399.7755346557521
395.79689358074876
464.92049097148237
434.5309382766977
446.9588477539394
467.10468488088907
297.62895454363695
292.19414778615
347.81289505002957
567.3022120647847
820.6695431378632
325.9836670413337
297.82079611731314
502.63729428788986
329.0166130102715
438.4513842761387
584.696378607671
521.8880090742475
325.7311500879431
408.49290714288446
316.55786249198763
415.5392618256603
418.0412484644497
531.7171996165395
409.94473545520754
277.06960237039067
283.0011492622483
393.0978230786413
483.98643258104664
320.56228520202495
371.7439533106285
380.51379885259246
284.76374840101965
608.4164725731404
354.291864453892
359.1001662356811
253.67124439200012
532.9450793299366
336.20870731853233
302.40855201996516
322.257118480179
412.9726996788022
482.8825555599021
339.2157466680801
395.76710597877025
419.9137381753773
386.7262580561229
853.6893469247985
493.8755956679069
449.915785774632
563.9236058114633
672.6041967429791
448.41215795375365
310.27130205986515
539.8390032892975
412.29748503489355
404.3379586712615
657.4418943082254
536.060373822631
341.8123443600751
345.4285656847519
491.682937084732
385.425801840526
327.7511937406869
385.75779397418995
418.11405710048655
377.5328071489107
511.4775372919809
312.2222421271657
395.15036354089324
335.4250013089887
534.7249603945079
462.8645989794193
631.8815846739666
489.7773674930679
561.7495565349166
415.7128601364224
372.7073642999611
248.10459867703742
398.6796604252658
337.9540308433312
479.7122487674971
413.9794753630082
517.0620450651518
308.6060462594262
410.56541049410674
362.3620456711175
359.20224935645325
332.5092306393517
353.9312605957938
527.0903040680957
398.5902849875149
432.9680218258722
629.4546506853106
460.7910550597714
564.9158626893374
315.9159126272713
316.36121923416164
473.9567245625602
583.2254660109033
482.7378966802015
488.3792010851154
429.8478274563704
488.2344637520719
280.38559356219804
475.32055715040747
399.3553288475517
310.55352625631105
514.4340193284384
508.07538685141185
682.4263311703228
293.10139926516194
399.37055827432675
404.9578656459622
494.8613940067751
344.5996105219884
316.861630425111
412.47308458872914
413.10506056578583
306.0016479001361
452.0709540200292
492.8423653087313
433.9650394570546
434.80956937778274
591.0232971304054
492.63776867550257
409.41512009008216
524.5289066672212
412.96729067318756
389.8621340835593
343.6119869193133
380.2296625998922
576.9694553994364
437.5495782895371
305.4389858808758
293.1727653679778
421.09989948775035
391.82462822390016
300.2604830701343
387.3943090713972
389.4336633905188
561.5494440694023
457.701522759626
192.3631259041507
310.5806162673308
307.6503964887955
648.244649686882
329.77085065676397
645.1733775066434
581.5150630059793
366.59147100079053
349.564594841264
418.0264165679113
480.20689967401444
726.38465142679
261.9896950726266
434.4661422273536
575.4613023479194
391.0379483129159
392.2243281286595
443.31230709123366
432.7996469789701
368.6368736020151
251.12016927400197
378.5294495042339
376.81828138628214
381.57453862781756
201.93229379151995
396.7207309771787
338.67901711002946
322.8330445453313
267.63018630481076
552.0010357311808
411.3014472873209
313.3532256210872
467.7410603118831
429.2874444453953
478.00627071787517
243.97718341706673
492.273817741395
488.0838276786753
492.34459160702846
283.9267136622388
564.8000436950166
519.2835382566441
431.4513601599342
322.35134749379426
471.372313819037
566.5678511688925
422.85629576505545
618.2533512461467
258.7635463185377
358.3840598097163
895.3207132515389
523.2714998762415
482.31158427681976
428.59515120028607
470.94875487518175
394.28921129145766
362.01782952872105
428.09813249252386
412.81716121903133
360.9483548805082
226.182005904898
658.0646929347869
252.20356723018108
377.47591980010617
436.928026917029
500.2833271580881
562.8408371086152
367.2448841375879
450.5634335519754
449.44433076762255
507.17425496779225
313.335092574778
337.6840254148366
405.8083258104121
399.2628738969121
419.7477210058581
421.3059584518343
513.9420057948535
265.84292132943415
353.71509396662407
330.6604380162618
418.3777422174665
382.1070188948498
385.6147717130835
673.3992164295164
585.0411925475853
458.68370822149
456.87578035343347
322.8524883022628
417.41862197827277
460.5057160842817
366.7299547766149
492.4689130149936
425.788265723559
573.1854274913449
469.6744553805097
246.6231888087595
525.4125970403666
480.91669200503407
409.8895485455671
364.3539795519279
406.1430765386277
255.29536282801612
296.9445513958436
302.658445498847
436.8148119767771
449.9905949221514
430.7866167481634
598.4571036639848
345.81567707086316
356.95875075047303
382.80197583023596
534.5491585884718
294.9042525632645
313.4697079512827
385.85939854186023
719.7510128010248
394.4494601929531
373.01648961560915
455.6499646753966
478.89617497636925
511.5351666956139
582.3406883319076
263.4756585676944
591.7277093379421
409.9385317016409
384.3254925664469
441.82582469985346
350.05934196056864
488.1668506427869
307.44985349576325
569.6781470757463
377.71672094497416
344.9048020789921
278.12612936960716
869.4695767592643
208.61716206359554
253.89548062895264
387.3396959833582
302.61468424186546
369.4023368064496
323.68375088253583
473.95493751104766
395.18699962803584
388.1424454215897
661.7397871153735
643.6881068021231
340.18501098026087
636.9810212329202
325.97086806618114
257.07152085096925
449.9237663801879
384.50647456286214
853.337610578533
549.177950852698
365.025515837572
666.8825830188265
420.7889262221577
354.54548497586524
255.44377568230328
359.86125514945684
382.1676304450781
401.81601702571464
467.19747221971335
354.8120428262192
626.0324711161502
439.2775892954404
310.85844350776694
398.71932944891506
417.6287764626445
389.22732899113936
375.65428350575996
387.60615689184897
363.41326927699555
382.91427878601314
425.23555077853246
342.24294553542336
309.6455814975993
557.0493684564369
325.8500685014076
388.71382416833114
418.3692809661588
330.8784067896726
264.497514014008
400.6888053712177
230.10737364121792
209.2872284534379
443.3981856964408
406.8545030781598
479.97786198175146
465.84042991023136
290.092014160397
472.2169262045497
408.8971259434155
320.0579508863826
278.716152449698
374.67368208260604
391.82014057691555
456.51292218480376
317.54119240205955
503.55740216715355
558.1804103038917
401.55382702231543
394.03498136678905
350.12984975258394
327.3210298485142
415.76019923555833
565.654889582406
475.8907204912326
499.7406617507033
456.8930597447899
789.7591776948657
458.0791688936143
556.7436248523901
435.23315362248957
460.47388345808105
360.78282275982644
489.76034959780736
519.5806760021368
621.5836705594083
297.2662555800762
367.35707178274424
492.9593270027582
436.1201208192911
758.1587717796505
254.74708825945137
375.37479171110334
327.1579758134019
421.07112858400217
498.5246943629698
423.4499800995807
678.040278548872
496.193886065087
446.1101342846364
537.8705496707981
301.6566317645905
465.18247701693076
448.6418938338425
484.9230001820047
399.8156080921328
398.6470392869429
277.262101884059
500.13704683789825
599.8316205214023
461.75586681584684
392.75063791696573
405.3943377488118
429.11445800779825
631.9175766649777
460.45953986899457
288.47489839628986
238.6861390475225
513.2317861139932
353.3763080840976
573.6817419877938
323.3429476744604
405.97746894890525
482.3430110259302
358.8226713105661
408.34273392721923
495.94502507600504
318.8838333195124
485.18069477001904
270.87664628655455
485.1775095270183
401.47172039842025
305.49871023689354
636.3772130446421
557.5038121392873
590.4181236334673
447.2565704927283
275.89718160714693
272.3781993982603
412.1554463807404
337.0167983369954
350.10343758850223
477.1990004081367
485.71685434389315
610.1810371456517
390.07733687095373
567.662991157454
359.20125474280593
601.8358978020929
442.98553036789735
323.25260201298437
588.4956543835902
230.61066150279603
284.0833137329849
651.2585993754079
404.97141864275716
385.75800263608875
487.85880900848264
476.3792352018689
360.89005649188914
391.01117837149246
259.2098606985307
310.06330403677964
510.9763633460541
381.99811584891097
357.654706179765
310.4622048040949
612.851954093205
419.8498002168497
318.3757486844399
520.3242210228761
336.689998004873
362.61752558963565
453.6405339468431
520.8736394896316
454.29125867081945
448.62948893905497
469.59957431311705
401.29131473659726
316.9587747828101
361.794074097095
433.82110184082
379.7145452244212
416.021523428457
312.9986847908676
488.6721999240529
442.0093311096632
513.8312696630612
272.24301059236444
354.21458172677956
628.711043952032
471.9692803964227
333.531474460132
457.1097076306302
570.7782009701666
387.10557663984497
353.5941948399182
419.0475343194008
324.2686244510526
366.6107666388974
651.9551354739376
579.0899528908551
419.7133921856145
406.465062126613
376.5510719949033
512.2341844664359
359.0247009616142
421.94936682981347
423.32057254076267
526.3472203257247
519.7968223569936
477.55699793501424
367.7847797220669
555.958454768773
383.68961684855486
295.59178848198763
402.37154676731024
524.5134748917691
457.81723299325586
589.7760201161841
333.5325708892331
467.7484347615767
295.57954439985224
598.6697539147718
332.374700719312
641.353823341099
486.2208435885574
474.1312978854842
599.9970606936215
387.33970003633607
510.93842470431065
283.3208028468236
410.6297668017756
223.77917212152843
364.7684766493082
334.3854725799835
608.4584209522834
363.23377692622256
483.50878337949223
472.9864675093356
532.6084538380663
432.95410441964674
589.3256231072705
496.6831922112842
382.27632148449794
300.8245889662875
375.6116317118011
423.53201625823255
497.9785512497038
544.7400899060639
564.4507515906812
403.65132531930647
492.14026134210883
397.9302678474885
425.21441667242965
302.56730900052264
357.6892758724528
376.3681118966143
484.48436553256585
377.5607802662776
353.92334705534523
405.320458396111
373.55330210855436
277.0768105835057
410.80259139425567
415.6492432216953
252.60728974198724
547.6444588890755
469.5613854207825
506.63779196752796
307.05047900846387
394.01244469624515
432.5203712135389
289.11471764479086
526.3337412632482
408.35440795155387
428.16218425866884
633.7707445044692
314.5229362758769
206.85582323548027
348.2756891887903
476.839336617891
442.9963582796996
574.3684027399482
590.2262543258561
240.4729928040939
348.5303005419564
337.08684518606117
541.7249318727519
311.8305086964563
342.0144592492509
413.74150117730414
239.16737566060343
541.8836929368247
560.0616912491129
388.2667183635192
676.3057371091802
331.463509279581
555.4028173680166
510.12471758183625
301.3984267558268
469.44143897124934
408.86930695312503
374.153191559947
355.9037719381005
346.49528797866225
231.49972332834437
297.9338749490212
536.2769082662804
349.63813355024143
580.6039675673582
319.40225148680986
483.61744114299375
473.35359580717875
375.6514959967927
542.980482735301
509.65439254308495
283.3186734066644
488.8077767963377
569.9714541940405
612.6465304071295
452.26463605813416
471.96597144164656
397.4010314330517
512.3593002989179
391.12154710468906
284.090358189211
616.6015688923001
600.2003117124717
390.19985495484724
582.3389643363248
494.39592687140106
438.89652969040225
578.7976548830767
391.1163364585678
393.23121648624175
411.0338671819285
338.0947166034973
442.9290647698309
455.71564551314384
339.3923741719553
388.44914481040786
350.8747843595359
369.1192656329935
556.2388779995337
495.66300791684233
334.13725060542663
562.8135434067808
329.2596696083455
442.4853171768791
397.53346500513555
368.10630554459954
429.88681310997174
509.9745998347249
398.5288314005195
576.2578692714043
459.5790059659443
499.28133521941675
310.28511226095117
375.1144048995024
275.70535122012154
425.53539984696766
281.5782471278463
399.8731105772573
317.7188682075561
493.1870735848374
431.43699467112566
343.9895768557918
354.4897294174786
508.2954766462104
368.3130324778006
273.44103553853813
331.24217239205564
412.9333674695175
405.0336377039811
507.1661413610542
400.6945709724784
405.3095834734243
489.8182085182072
387.94211245782924
493.96247541379176
393.8024530220453
298.3503907191862
545.2290572241668
534.2072799553445
360.43920933203526
700.5784663319695
457.5565522980587
420.26406014353904
400.6865163884643
374.68434891445753
343.98460340423526
410.05996002299855
438.0854072014046
601.3325052027103
591.1615010822269
383.2836196486707
315.8654940924936
468.8759908177663
279.3639621252284
370.23476114496174
487.0398079810406
347.4636081091588
295.9843120141579
445.462927462141
493.6265128664372
509.6202479948703
446.46202326906746
387.96698254338963
489.0483418382322
513.2446992600806
326.15731492073223
414.5026579434871
729.9623881932674
434.565222381709
542.5878976842804
332.2658604961446
406.2955630057831
555.4108147005285
288.4400289106549
457.2428967660885
439.0160135607117
553.8370849043711
373.95245514467456
381.3822031344639
565.7538835309405
229.49826635962071
321.97168679844606
642.2234056954742
522.3204863719761
321.37421584052623
398.81060234758525
377.90188850893634
498.29432408926755
303.72758834724226
326.1758202945437
255.98313455383897
461.3495827477201
412.4085966939295
372.8547515701788
360.3907264669826
635.8601770179657
465.0157301148212
301.7562865006956
328.3068481740986
348.2923420767492
426.2283215334017
346.69039392946377
407.77179053865956
343.56944072088857
427.9249575449879
441.00364231446565
386.986468235459
283.59382522473123
524.0752233736243
305.89708810449906
467.9596783649244
450.7898621535451
301.7335816863547
322.40585974628294
575.7130024237196
409.62793824867214
586.1628528135478
331.66635597079005
333.5037507668013
284.98895952526067
392.754548559514
473.7327229016797
270.9895972545752
308.4610208238032
254.03146184952735
530.0367524054623
371.92453452867346
425.8420540360537
532.8014515554498
623.4402587397835
327.4121520418136
364.5499491940125
270.3507571887957
484.4989151772274
432.1495925566199
398.4965547278338
358.0000069240132
407.54448776487834
306.12614125985823
593.9170984773629
323.66934836157276
225.02311649365134
517.2679786733202
442.3087715994592
262.71159575171225
371.1639446384538
445.7286091164534
437.02581809784914
492.7672871015148
436.5943077913568
345.67153905622513
745.7302494274535
241.5415670890439
396.66245081260473
273.53211834902913
344.89763563617237
334.357719245212
428.30955193291686
343.5071421977916
454.9256700313161
606.2499495604832
379.8055404558346
730.1356978919048
388.38149368969425
524.9691698482862
354.1222327455696
515.4327571984273
462.4706863844754
508.3598186764711
486.96624599284667
277.120512305571
355.9567348219146
733.2819940391299
356.0075576263053
342.6010382087258
362.71036699256143
475.22751507554176
395.8162763287988
440.7567833095725
570.1373066378585
336.9679362433745
389.1572512891366
383.4688296661009
218.6885362369799
337.2269192814326
252.97326720170457
330.74825261708526
398.26463028603155
775.0892362185717
356.26436896897224
453.6153585156138
439.52327742355226
389.8469234972612
372.3774389707935
411.5202210862597
365.92540719910073
255.58617816003334
279.5431869079456
548.1023860077983
404.7787540901316
498.60455938779177
446.8926778066892
507.6798799503107
396.7035540781626
465.561409629667
370.6626446907247
393.43438072816497
364.54023458402173
435.4154044095763
436.4247614980065
657.8179981775553
485.99157499143735
410.1778955372611
391.5282013078999
283.1913073422247
514.9757516151935
413.05187706373306
422.3570402819058
578.8299714092213
469.1165152227136
297.1389848644845
550.2898242519275
366.9750522799875
512.9859192377451
393.4634050960292
454.83108234536405
333.49113041989875
397.18754360063036
348.88788963699267
409.5529575381598
379.5663066697122
421.7987117190828
428.97135629972365
443.2419802064083
406.44066005437577
384.7101418468759
472.13483629416055
344.38434334009895
362.281821431944
428.5320493636273
435.26227068076884
256.66247610051704
505.86602981947277
344.83097693610836
384.4441040244437
562.1142376580959
378.5400133144469
340.7885968740646
405.26981961320405
475.824569747238
264.293223131641
433.1437828694534
363.9266262103391
536.3163754371907
315.6196636570766
454.88195492371966
273.94817016279694
607.5833355607592
549.1082162905607
402.6591753070219
694.5180999158936
279.9278635951104
416.43455091111707
538.1372880440509
501.6556048765552
394.58267257505037
306.1647164111586
415.561046151418
562.6019231546546
520.82783886046
395.3781972093661
368.6937254657471
306.0227886625359
441.84542216271296
572.5234401984934
479.58990714607927
333.0895979536255
570.3601962064307
254.8870507017332
468.050269557318
393.34781734088045
318.3477657538858
364.1865773963108
411.39233194963816
322.48991160318116
593.2264008871898
264.3757063821668
336.17543326636974
467.9009938767181
295.8063631804073
341.3229863866613
461.4552544560138
406.9195229014911
395.37715039887036
439.0437445484714
500.12447748146235
296.2767386532946
455.4172609352052
335.71025724007137
242.33458253539547
270.6504619212717
275.18540270342635
287.0521805432242
331.6097354385468
228.97356147960772
384.4015725512798
363.3239754344829
433.0241624434834
428.13459978173495
513.820548178583
526.8614297947161
376.7023441146439
237.33868603981762
306.16197659829544
572.9349243636347
321.0179390178098
272.2036035499039
242.8043916070295
454.0073786201517
292.14680949564934
406.78231849283134
533.7418152523649
508.6941783660832
416.94212962172963
343.7545898619527
300.8576791957719
550.16106082008
551.7427662270807
402.98200599699214
458.24516167892654
563.0701901264487
490.6998883913623
240.99651867707485
415.32501654981957
359.9511808536166
442.27143997648886
390.2106896698959
545.2846427750521
392.350422391104
274.4822697551994
647.0415925501432
388.6569094308676
336.11418525126936
380.804524862344
300.5121026054864
459.30018139814206
558.3269346728713
506.1561976607119
485.9774227436431
382.74804108222946
361.48508583025216
438.8640584105488
261.4597572123149
393.44451356735465
456.8181173854559
362.4117422190012
539.9534475106018
610.4936598268487
348.5370210392498
497.86975949111843
313.7065688289791
389.6995680966642
404.7132623468056
420.0565512274811
303.5440169883446
366.6068555074966
498.4157091644998
316.7056440912229
291.96746908756876
234.42336145023728
405.57853930155807
335.3582165911049
416.0916111943354
519.8589675418057
354.4897431674947
317.3270598574999
400.0536255128487
302.0136565016979
364.7191552528575
594.941347402257
368.91861453001655
385.7425589064851
432.53082272095344
757.048844900872
417.83342440279864
504.3870628092404
332.9603753248725
335.7068306537467
576.7209599059408
390.48564813977237
402.5419179922487
299.83589144283167
264.9355282028754
