-58.56655025801928
208.2270659129525
522.200888383247
911.9351978863702
1454.734648176138
1097.3066505073418
1515.7135901548622
1935.497550010273
1778.8580910043315
2130.4208713720086
2578.7651482536007
2479.9884229391714
3167.1647394050783
3328.10251516382
3843.075719437644
4003.2683389352937
4443.789565062166
4305.337448627533
4746.281047506071
5114.496481122579
5172.25781270143
5444.151429780358
6071.801042569024
6021.837410884903
6597.818735305594
6749.13374585666
6876.542278573094
7444.581442999259
7432.704891155581
8336.820092056078
8207.57168214455
8957.544702891491
9508.71099387175
9646.197193086391
10424.00577660942
9692.52815549093
10518.43356455244
11233.592072243851
10981.1393937658
12010.043078111412
11520.825060888077
12029.724367204015
12426.46506655309
12859.432629990946
13312.739189535903
13781.643370167278
14122.356941222955
15029.422349624769
14834.71921212386
15549.223643086994
74.71294989740883
-164.51812866554607
578.6391378371422
873.6158477788489
1114.3533112637128
1353.1759666730632
1374.6171071474714
1851.7773407818504
1986.8798764056328
1946.8492873724508
2154.4929258410884
2682.0953081112475
2725.896028058067
3562.6029469968084
3446.5552605052303
3477.384545415086
4403.330563792604
3981.102940897016
5212.501725432647
5278.255709133974
5986.054903405426
5667.82090939387
6159.272680985358
6944.929400237574
6835.473251718984
6897.089971998932
7831.310706343529
7598.500874065169
7700.4854129925225
8326.935823296342
8457.433835985124
8389.524474251733
9031.552737626733
9062.80007591199
9284.732194596092
9704.662679778203
10180.386642457897
10344.975999409442
11169.411496455665
12007.646171445696
12026.299725917566
12409.96062610796
12758.980007682516
13031.052618994663
13442.243134500708
13727.810769297997
14042.258437616874
14209.72110007755
14735.782672006602
14885.801095970348
-280.26934840207156
-60.62575783369931
239.7109191899319
662.8145345050875
202.81838279297492
662.5382617892485
592.8910199613474
1099.4219321825572
1499.9644492755042
2079.299899598249
2430.946686346887
2738.495053748048
2757.2824971143527
3062.398710738033
3266.7731588969086
3398.272713942667
3845.6861277207895
4508.682846549756
4658.827252248765
5117.778197714345
5302.130989868068
5608.725371705721
6035.029505331945
6578.10001404863
7053.595300024309
6625.902398825033
7287.59183847387
7706.468967999293
7884.1688222458215
8202.244014840782
8315.361467542254
8682.788921309835
8911.307054061203
9183.975470893374
9554.564906708816
10328.818916258277
10273.916506922822
11053.87200025041
11116.928344647698
11685.702598305492
11764.02101184514
12648.655451875544
12965.945041249395
12455.995103155607
13226.052741606789
13686.313152297163
13450.83065950424
14605.495934571669
14728.053611991521
15436.798630427373
-184.97358997423427
94.62718692049688
408.84522063942444
653.0482209818157
1217.2624156525615
778.9907356436485
1063.116622966839
1374.6087464990412
1606.9354644115522
2298.7224766485756
1799.0833902002103
1937.9367381186505
2770.563839933612
2403.3095134087807
3303.1192826450515
3588.826392175199
4146.701584642287
4427.580551998641
4582.464815480494
4977.662632699004
5380.9116511828215
5537.6655412637565
5987.4152836801895
6135.099070608596
6013.059207336082
6643.906452054754
7029.0396077208625
7138.286684715931
7457.792852180167
7592.408507623999
7887.6703157666325
8625.677071077791
9278.882334739019
9254.170613018297
10015.311398009957
10088.257680829662
9871.905070796467
10861.025633981506
10956.134102466347
11689.841714330834
11209.48303844602
11924.527754283346
11988.908983594889
12470.756802207465
12833.8044053051
13120.816062883883
14009.28430244146
13954.731752935939
13721.021315917154
14593.358589771047
48.06914844752046
-49.386162047844714
-117.68068659943224
541.795142825451
643.8709634346985
539.7372800764942
1135.0725401606235
809.3629229702043
1626.8748934604732
1776.468321687345
2639.342159387369
2408.9328728784685
2455.6489126493884
3270.859399429123
3211.553101016359
3298.287155963942
4014.0790627671154
3951.879079175728
4137.003517648745
4606.302650885866
4700.681454373213
5253.044456802375
4995.908329643726
5844.394828493255
6648.097315962301
6610.643086417323
7680.398391073123
7322.467730100504
7949.974286756188
8363.190022754907
8592.516172600139
8610.38137762391
9360.55145973893
9304.328675388739
9956.477531042052
10215.095318091866
10849.386882447838
11177.393881760781
11684.33361541931
11724.107208432992
12316.85339510684
11769.920119679015
12109.831682220376
13156.585759209382
12575.334547732893
13259.064324310693
13677.53712475925
13891.102559969511
14292.669247992659
14529.570390881805
-284.0755897401907
-265.2289477133571
-351.36323263102196
530.1101038167419
1219.6344380007865
344.66265544032456
933.8558090713614
1543.082068360209
1800.9000751430108
2217.064658840615
1963.325418945631
2403.1295957948064
2930.1723049454017
3100.4164448865695
3666.601746947153
3377.1622368846492
3610.1581420510774
4516.21620257566
4339.193064784163
5144.841388855978
5825.423673777934
5715.596498419727
6463.312288040164
6669.246509580681
7072.032603544497
7446.025148859847
7612.613380671138
7503.323801543682
8112.356739886728
8471.094562312235
8896.1847314772
9218.536777644662
9315.859405035639
9876.881635302323
9606.23155329589
10187.159786994871
10050.762252958275
10799.262163764666
10479.651121398163
10977.43254858459
11339.637083551208
11821.05317235856
12556.551075107443
12939.296532664948
13000.147870616296
13579.976945748664
13971.54201897522
14468.584548425728
14627.006727564785
15015.989975375938
-86.79831848306317
-42.44722256296363
-97.96454059852951
619.3554731114926
380.259487637934
1424.2415146469853
737.7283717058627
2098.603149086888
1382.251084278189
1198.221221980591
1986.9514784582511
2577.286759251004
2652.8491970883088
2967.666507005929
3344.2279491082295
4091.9690936754882
4806.521207144907
3757.7184710883607
5010.229250883794
5671.2862097930965
5584.14199769271
6487.417428795679
6133.69043510014
6993.367527813314
6423.678907731898
6965.835942153865
6589.220733491918
7237.968257781988
7852.843180572229
8696.62572066717
8695.126888074283
9389.703254070017
9465.956092568405
10020.583672483373
9823.034726888847
10190.464749170831
10676.143404526067
10662.46894058519
10878.717992322396
11398.300573251081
11888.713712731313
12101.904942751258
12524.014080304165
12728.963540988065
13518.230103477294
13540.44072935532
14306.04785716595
14587.34875690051
14382.597681116047
15027.94547844746
-111.1252777367928
-352.0670484810897
704.8691586649944
425.33178703267856
949.8796191731775
1060.9206336983343
1565.086726064478
1531.4578368540067
1547.1594961531914
2153.8806806913776
2140.8197127785743
2960.245456010798
2700.9092376424856
3252.6643432235264
3642.8268489936722
4135.311827153561
4190.8918445345425
4640.6523437268315
5258.334493801353
5306.99649075659
6017.870618042354
6182.797885293021
6236.112596481631
6803.027704623908
7917.598853148533
7006.839778658567
8164.7338101798
7807.11171497831
8793.639068117745
8639.469255478403
9051.859211879959
9429.927902420512
9821.568360143017
10087.314440272314
10498.91073767757
10641.12817100341
11035.29737986433
11000.466126411438
11368.116952848863
11307.740086993965
11450.163552975684
11847.599810348773
12218.810849647442
13117.441009510318
13246.860894947016
13962.13217513196
13942.217875391387
14849.863924105493
14471.170927741894
15150.19577151604
31.707200929976494
-67.1450316370123
-176.73887704514968
605.588451600743
1009.538422345435
693.5314370002429
1239.5168167371064
1543.7746547458348
1937.7465645111931
1912.2887345166616
2515.9194640708706
2709.204656977912
3248.296634004195
3860.9714945900305
3665.718150946615
4340.2739988360345
4520.583616991533
5047.620612172405
5088.376691789967
5707.366933088234
5876.253437394135
6298.948549048204
6449.9405655222545
6824.600974785628
7149.757298842923
7559.045463082637
7388.174765168225
8099.053727865785
8819.566931987589
9052.830656030741
9643.98539924907
10026.675029707932
10190.506763523344
9662.409291358039
10392.95631237068
10360.188903568262
10543.606875708445
10862.955304821266
11342.203835331311
12157.438282199728
11890.800387860014
12607.85630590001
12673.53379239342
13140.789827322666
12972.916599781713
13251.885862013114
13797.397261993367
14044.259948776626
14763.110717648804
15169.147788012422
-87.43539032784135
-157.86211439092256
87.24222218268544
460.68353132099287
584.4429654959062
1132.2125787903392
1228.5715264033554
2067.0045879419163
1908.2954845290637
2517.6881877559686
2746.1321559404437
2856.937128481227
2993.497250705329
3400.7297104684594
3861.887800821372
3985.8431501872137
4103.736928021327
4427.7938324483885
5079.80911266337
5679.351245455292
5637.873749232627
6475.910409590316
7000.83744894985
6393.577857585079
7102.062145843228
7526.205114201478
7818.25376635398
8314.207664870248
8142.395950412999
8700.749190977125
9410.980499585787
9602.179311585685
9893.085994652036
10762.846186525407
10458.789129279849
11159.94868781547
11147.785656331303
11784.36565323729
11655.272344116356
12437.771398445308
12154.009038012295
12604.736110993716
13064.710361254132
12600.503420358402
13399.042915594548
13900.494613846455
13846.238906823473
14036.942190699272
14938.938570771135
14779.138538178995
-434.98224625664864
-57.89757901282224
68.44277625362066
523.0093928037542
516.2532328569716
1241.6592185156896
1037.2797167354342
1902.7640200984888
1994.2268312588722
2331.5404725315875
2501.7809294187778
3176.487200348864
3039.231169243378
3460.229385422916
3791.9474816898187
3624.9020282590714
4573.227745505015
4830.66772428784
4549.073468111456
5811.6864369532595
5269.293036695815
5671.996653562331
5890.33729282328
6272.4519513938785
6795.001604237765
6654.2954141029795
7593.006809891002
7402.124121789632
8372.759156127822
9038.542182509418
8569.425425934232
9227.692236546369
9385.034237769794
10092.102329420097
9827.172210668996
10497.0614340902
11135.455215799859
11669.532134028192
11866.110341483592
12370.264074113858
12195.174335370803
12838.893260577093
12193.463773651874
13140.625600146353
13799.145098007917
12750.106719267582
14242.095655060162
14520.106287882756
15005.137984423669
14363.336280093083
28.47306848481047
116.44551944687817
777.1157577708657
749.2023377080125
525.3104934811948
1176.601028326974
1385.3476713733187
1500.29725351159
1805.2472768803782
2200.8169376387245
2689.9116071694707
2951.5153822649054
3083.6920331469964
3342.0060075461415
3577.338251347092
4153.311779261786
3789.52060057277
4521.139621139474
4274.537226362461
4919.307402408911
4798.98298416941
5702.335049264998
5296.179944097025
6477.189201437858
6553.397634185345
7022.4385246024885
7408.875862595944
7839.394403583693
7720.863600035424
8231.446295333073
8276.222175856123
9022.786604820558
10074.012555150246
9044.798405453996
9651.40446824518
10423.779156249604
11006.49333885051
11190.261417277834
11134.886610539334
11675.804071456201
11550.966381089926
11836.495517541538
12486.529859236183
12269.176985937798
12929.23731933999
13571.132487107161
14452.581896803584
14106.902054257309
14805.554876411175
15074.408770399232
-138.32630078434073
-66.4282487839142
47.86304730131169
637.8160097362988
447.58563613172953
1131.2600028436455
1727.2267871161473
1407.6553153933376
1942.8614042749264
2445.996506785606
1387.9782325362369
1685.3856533265127
2645.0303100981905
2472.0173241140183
2466.2614236733125
3175.2254094866744
2971.4326612895356
3653.0225931721507
3541.6202911799596
4103.391585690869
4519.94613073189
5223.383570811718
5913.850538480231
5771.958886342565
6134.709932046176
6740.806393223464
6401.448289517647
7105.607454845339
7576.242549789633
7865.219550337208
8545.615153509623
8705.704242377991
9648.72751941393
9625.157957535348
10278.41043135942
10466.39081826398
10953.91691657572
10422.219737457375
10964.520001116922
11681.923306827106
11532.705973538099
12561.129543315941
13257.875328745755
13320.625245336954
13527.772886470964
13418.331659243036
14070.681635067787
14334.726150578714
15025.885010685099
14732.076161989138
-308.22544323605257
479.83152223993267
-34.279311447076566
153.16306482031675
677.6770650761401
699.114568451436
597.9633762938058
845.5567825773933
1137.7478440865557
1096.7077312569934
1569.6026448374303
1653.0726038623432
2252.165613376009
2797.9809130435733
2336.0454508312187
3410.173521166163
3223.39421442533
4111.304418222975
3851.1363334501343
4519.81978237295
5035.687636706274
5319.609433134427
5650.384955419483
5890.306941173621
6737.42904216256
6437.671108466801
7322.526448036424
7538.867891841245
8026.537803047774
7850.634155845048
8453.540582059479
8751.992779106913
9327.169587971379
9397.676551079774
9663.12687686428
10058.02637025433
9998.628383664156
10580.052813657785
10722.052547842362
11337.598111477784
11646.406357926317
12214.196996453044
12454.861812053809
12929.867008326564
13237.159556023636
13596.341285301787
14219.693422076452
14495.365762029502
14437.190036849895
14995.974181081097
-85.16839914696402
-114.36622834598141
310.65879523183474
1172.5357403337025
219.31809291891085
1166.0566003320407
1955.0346242677447
1053.5171374510683
1874.8909151418934
2510.9389313827
2375.166436918867
2920.056049186005
2834.1743528971774
3668.4837122490435
3364.2297026157107
3979.053832276076
4241.639455056749
4097.84398485411
4521.8947011804785
4686.334369590271
4761.449870128593
5166.354899760162
5397.565004248436
6167.081917750957
5906.244676076608
6592.235823460071
7148.099557407638
7113.276043150961
7407.272656428729
7963.624140952166
7800.199772115924
7901.4058769993935
8510.230697488043
8626.011419343113
9340.454096781858
9474.766135277012
10352.963558509084
10182.70062449268
11111.595401070832
11209.86396662302
11958.74200306581
12053.64400347324
12413.629798514916
12817.965003179528
12644.707866124932
13142.753718067552
13861.404231713517
14135.916149601044
14807.106017990247
15154.279988849168
-146.91782774615646
-71.76991276902251
302.3484632740889
560.3259365231881
488.2593552644965
1257.4953453436449
596.0286408866172
1996.2408198858006
1833.6500458512369
2502.521996533968
2730.6065490197893
3187.3906804172075
2646.5177689017855
2864.4060545791917
3346.0826677766186
3388.5979456605105
4302.147566607588
4110.5391224501245
5070.8315850296
4716.012572841452
5352.0136091252525
5370.488189928912
5969.965987819126
6278.539566885618
6932.864748943463
6657.927838238229
6886.424619234106
7425.561328649333
7944.921537074309
7349.11255936994
8252.275366422387
8961.66231272706
9018.22427479633
8670.95080905965
9153.863792945192
9978.224143821462
9750.270587525341
10524.276439780037
10895.111618130568
10858.92674213377
11510.16261060959
11706.786603529443
12306.57641933837
12920.185938067834
13016.192940136276
13888.691067388836
13845.424221677178
13888.176647043321
14651.619772991146
14849.082957345272
-139.1046410288753
170.49937119187885
514.8165280440758
723.6170346965345
1061.3537648905672
1068.1736124474799
1234.9261801976556
1867.6058969863889
2367.4439613329323
1916.0283193197145
2656.6487335714896
2790.865877948596
3551.0167568127704
3324.3370564897978
3306.135619457685
4043.308707134778
4607.605373971853
5044.9607128904445
5515.426902424419
5795.39364971466
6114.9963257432655
6102.354608365793
6265.616896442076
6273.47895740967
6844.454321307601
7110.060360610916
7648.9102984505935
7948.53786131315
8435.786632983958
8098.102186929527
9294.073391071544
8815.417968672993
9749.627940249422
9520.983648682435
10162.21130831099
10562.771798123782
10136.471467651729
10726.42101693708
11210.025348180663
10871.812801057082
11352.04887056785
12102.94902037795
11677.380606141307
12984.866832526497
12666.189704856597
13463.42342680038
13800.038734519861
14317.381304213743
14604.573070624136
14776.05299965714
283.90905533012796
-181.17827190336692
109.878738823481
593.8537773453241
1178.1255719920994
839.6395406214948
1494.6269335038853
1248.2490665207772
1939.8223132087421
2104.097494543182
2596.0560013315726
2526.642058327346
3260.7375372874067
4003.8250205282648
4050.6340444167768
4068.257439685858
4752.453070075677
5392.13770150584
4555.871691865175
5106.85806853229
5573.011115324434
5688.501446898434
6353.709353727672
6427.04052040804
6844.695709718704
7217.556311835831
7071.973523755089
7865.104311617647
7608.73194986741
8593.812054024322
8482.84958440199
9384.84902956663
8869.342470214833
9638.482016297063
10330.170901951822
10303.9613055339
10702.775450461098
11012.7576474686
10862.505370706105
11168.339328689573
11508.69134931584
12442.821443789173
12158.64835181779
13079.447030406986
12970.452974981532
13747.415150731686
13179.782771968587
13390.841350930614
14231.054659503576
14549.92748642794
-42.67560530689109
57.46270593968322
190.56286921494552
1025.5770208931785
797.3535880716272
1523.9910665746745
1188.7625768799442
1960.7385400589183
1801.8775461904645
1998.2453095970966
2863.1194944671824
2712.804556891225
3550.7612825320048
3338.264330869868
3768.711419300916
4217.388419508033
3923.5657385365826
4355.552860937413
4558.43075640265
4843.219690317713
5009.578844535778
5034.258446098249
5811.643304159664
6215.682335735675
6268.071352931429
6954.1858071464285
7666.977540931633
7698.149768395009
8122.792489445073
8075.876458929858
8654.949347861178
8735.773105404387
8518.921291812876
8773.985783054572
9292.072388786526
10111.85998606272
10066.055361082763
10715.090176606926
10790.965675494834
11500.845064689212
11503.87647948065
12118.272755731015
12283.262749045289
12851.126978762237
12543.730077088181
12950.63567888478
13526.985653962973
13787.142151045855
13744.859711694742
14248.103309556664
-278.14246369591245
250.8759155267614
268.7212058154422
992.0302611309489
649.4704637216838
1330.4360154291687
1485.0165329678575
1970.3977834467755
2674.223033844881
2602.621707251314
3288.4700008683717
2818.277180439718
3278.309071638697
3922.771934455199
3483.5250654688484
3808.205587061816
3774.57239032583
3947.2854095442303
4584.118167976522
5056.563985105984
5525.175088757667
5507.246729298386
5877.078387261366
6757.378794411036
6830.4693413349505
6607.614370671705
7331.947969237336
8211.950081214221
7945.980767433049
8398.285315699133
8673.224016631537
8889.821024095245
9604.388817796797
9341.128496319378
10351.493931301322
9548.53248589713
10086.305453717187
10396.631789920008
10858.749148341594
11591.550021325102
11446.508440000413
11954.96443762256
11844.586187521343
12801.932669748345
12604.592824422503
13126.714315625015
13559.99519989827
13618.682090467037
14167.776611244593
14271.881173883208
-220.9857736048803
-270.7554601520714
464.70199243517845
494.4684954508107
1004.5072446827115
1528.2285217264025
2002.6946651944243
2026.4278256182556
2443.336972965321
2646.918062038886
2910.0600559161994
3220.242636833125
3749.8350479322557
3385.2265319570115
3984.8707884848377
4868.172694455986
4577.898938725574
4383.292342609205
5021.9176281708205
5784.395554357327
5238.925884911708
6521.632800544513
6511.704065267845
5909.554838177285
6520.453900651737
7288.356912970067
7345.4274529546055
7153.5478973899
7802.484026935541
7874.788023564934
7858.8714656216325
8914.896714165738
9097.636606265749
9869.206447623274
9906.189102288707
10039.183119294972
10610.907050003818
10737.0339079015
10628.676606977875
10793.512912920824
11218.794215910437
11497.770281580973
12162.94498137916
12513.620909677675
13403.577240404675
13774.947073743308
13467.955598911303
14280.494170178306
14197.423507292562
14615.4412581834
-10.572077278931387
159.8169620178026
343.8175919012396
939.1944239900229
1150.410111143403
876.8584171714485
1749.5136730769038
1472.388935769828
2030.0484740514587
2481.9240276709556
2887.853887518749
3407.7304695317384
3726.5204324274323
4182.5132521787955
4652.834429004758
4274.223448491874
5051.611502533776
5525.672467039145
5790.003677453033
5842.095547779559
5881.675068985723
6435.561676279488
6533.200750687817
7077.900446950047
7211.68753872751
7280.585216075337
7202.821643202541
7930.7154294673655
8018.2216120595385
8692.52995814382
7833.118173455667
8476.422203034439
9428.080751512389
9227.885762960384
10077.09008862032
10059.85125241633
10585.397095962464
10685.01376721219
11212.674245597129
11428.15709999395
11371.804392627846
12063.529000683839
12093.886142099558
12641.711330567196
12818.810712483366
12924.028392271168
13622.577887309615
13230.365388914704
13964.255497358146
14366.652041990004
123.88463941974925
163.14083828899481
924.0003195272899
801.5533107828428
835.1089768377745
1418.2115728697581
1611.2682404570178
2097.4551819126996
2341.4448793492384
2419.777878991584
2911.681955165793
3174.9749631226578
3766.9153766603195
4099.399747868844
4703.060606125791
4451.7006582349895
5234.747628939557
5195.084123524248
5859.22143022045
5916.248108567512
6430.683731223259
5956.081066658046
6640.607410118283
7301.759929052103
7290.8635254726605
7411.269358494688
7984.279206329581
7743.896736807112
8206.448463200295
8652.241977463178
8952.350627696724
8715.354189446005
9027.856063476338
9539.879543841515
9580.27531976437
10224.417244462673
10391.363882073814
10941.044038193912
11224.151806643973
11662.162072790115
12137.076402075447
11907.477190216492
12790.968750291204
12791.971139178098
12487.831802194698
12819.487701380502
13076.568683162202
13240.50956008435
13740.447640167513
13954.018008874964
-0.8410121198785895
-183.204250253108
90.75522464245024
795.2425933922301
1539.6411061479305
1070.2195837898432
1514.2633908119783
1975.0627681698645
2035.946019681484
2501.8867362860447
2732.5720519694096
3168.563950199447
2596.542339149528
3171.8530184559186
3320.613638581048
4292.69393388342
4645.1311537527945
3813.3180291165495
4347.129193808234
5118.2499557675355
6060.466278026185
5894.952441785227
6696.047250152771
6707.340889123766
7284.679057487714
7316.236489616225
7646.492251785058
8101.433840806042
8451.884233333156
8361.252492388458
9000.635851578192
9345.83102821519
9131.363957927422
10004.237777536111
10034.88104127148
10831.848588601984
10679.664960725173
10927.282766483248
11501.585207296037
11410.87334336531
11656.411362780727
12353.032662417121
12403.561733811375
13025.931736420083
13373.847925040272
13005.583951140661
13595.927309747764
13823.125872467175
14345.755740505334
14562.404331910517
2192.1635580552656
2584.600336393212
3715.3706011499758
3861.297192562614
4389.043656621778
5145.344272814741
5325.088416343282
5830.487386406708
6558.9153446259625
6401.6412374802285
7740.144375249287
7656.251721936117
7101.385765865755
8718.853670343839
8255.522869328819
9131.633727029515
9793.966671268237
9983.715849924567
9828.474558892683
10289.463905242912
10489.483394644703
10756.38109243165
11455.062246630661
11808.65177407047
12249.682575326764
12671.105040263428
12789.240259454835
13739.629932319576
13003.635317790164
13490.72778977405
14398.051176168688
14164.519997351865
14631.75470133105
9299.812758709662
13581.649596077847
17177.45024428275
17569.638983342444
17965.082306334156
18398.63570938875
19087.128202053496
18596.653213654656
19092.740353158562
19616.10210081838
19302.708280033647
19716.014819210257
20310.669834929
20298.501651203715
21050.031383964342
21308.605598102655
21866.05238347152
22049.962591105294
22604.42068932178
22364.958799786742
23001.729856670052
23268.34551726035
23414.93615917983
23773.72648787339
24377.307223467582
24447.83891399196
25092.514722964108
25063.948098251993
25426.640299423587
26226.16357355097
25988.789116436907
27176.708794166636
26832.415672689818
27674.290884452806
28405.893683339975
28503.314156133674
29356.945534051552
28415.350735358952
29488.09816528641
30263.56855149082
29918.34744172338
31082.955900132798
30532.677610668165
31093.453783724355
31465.911041098534
31951.87096981965
32447.201699106397
32884.13414961721
33263.29311198883
34186.18313245452
34008.84601059315
34729.14346803654
17322.295566900284
17076.265404229296
17926.971045791626
18417.63872550565
18506.681484928828
18931.03082091339
19237.95688272123
19423.408542227655
19642.454324096714
19843.250250178804
19995.784228065164
20654.557465452952
20570.554331047526
21579.636225928836
21559.32169499194
21426.036105974905
22605.789675331245
22197.014349650803
23516.405785609775
23631.49246466337
24466.505969561935
23945.484355348442
24660.88170046807
25413.43034737012
25418.789241714632
25471.729034793094
26567.05458161922
26177.590865340942
26266.56653589833
27076.011182937968
27220.942083283793
27227.17823461303
27827.7949678429
27915.738510108364
28113.895476829894
28536.82297297688
29038.525643032444
29208.163282657377
30061.186033230817
30984.826894610982
31079.065573908174
31388.454715115346
31852.14376311613
32048.631907321695
32511.33516180427
32848.913592447934
33201.77572110304
33296.70739660419
33980.242228543575
33936.48910759101
16920.301160126626
17059.060616973667
17599.761337425312
17907.647575760886
17532.775273961724
18082.698670900663
18330.378754346133
18706.888510414436
19427.86599670035
20117.746314100485
20443.397236482873
20804.986114035637
20930.46489555021
21151.87438285607
21428.626965339474
21664.862517507656
22179.67500833151
22899.12236936756
22977.189191414218
23601.470824204236
23766.739613832695
24064.65182973196
24561.50559547102
25111.81180636172
25641.85592083461
25199.688893226168
25922.73795688509
26393.577283363156
26522.171068148808
26894.529811798107
27068.021410325757
27480.567574483484
27714.849524786754
28095.245870460927
28453.687226955073
29244.263131255288
29154.86910472187
30176.404163556897
30018.439474240724
30623.828917887564
30875.340018502964
31798.616302623283
31940.57947527035
31510.45484023689
32294.845638737712
32872.83906224544
32563.757848512192
33786.5739404314
33947.04042850497
34645.35970582429
17311.309656705726
17520.138541396285
18055.392678132728
18221.49986514224
18756.4106147467
18633.63347786479
18924.121937431908
19092.73037714302
19502.20196942474
20181.392553005837
19772.749512757116
19977.490757290292
20856.08661587415
20493.654931040513
21462.02915478524
21746.179570648805
22371.91672912484
22655.12987417852
23010.840785228113
23283.341434147635
23715.853681556582
24040.53113044804
24385.699171985547
24758.468963485546
24422.01362771867
25086.55312901923
25715.100325728705
25756.959384748065
26379.796689342886
26289.77934974089
26747.501996155574
27490.725251548534
28294.32546253979
28152.852720474817
29041.469703385086
29026.32296478969
28805.197241984388
29837.43624782466
29960.482261041325
30715.455002413357
30257.95066965515
31000.738677572925
31062.21120662785
31574.91320587981
31929.868630957822
32235.470538982587
33223.79144696558
33039.045877597586
32862.27355887362
33739.48663239116
17188.82297153451
17017.682904923324
16821.67307402803
17900.386437862326
18033.515753321335
17785.966657420664
18445.249181366682
18246.509771122517
19077.56862971791
19236.47139372961
20675.17025848547
19806.79171956625
20037.949356499983
21452.9122536494
20735.79009747657
21447.724520303625
21647.75802664404
22196.92198827331
22295.794329114557
22933.710862324708
23039.898026194063
23557.73365034895
23604.65622087624
24529.187726127668
25258.29233271327
25332.86471613703
26487.266509478188
25997.55552910506
26854.232492864914
27079.044845847275
27592.71769953161
27520.87748175815
28395.70014877883
28235.88118011667
29017.53299474284
29170.26915489121
29930.77128396756
30264.813421836938
30762.881057590093
30846.06056411301
31403.760556084806
30895.293172547346
31300.85020355325
32241.448635185156
31719.58189185078
32406.78161946044
32933.54013379115
33027.28759383223
33483.93077223504
33698.83210371962
16749.190136499627
16758.1895884334
16744.847604117243
17631.78207154753
18458.192760322036
17470.413916244626
18238.705211877143
18937.448769096856
19111.172070006814
19581.42889403146
19511.131543599942
19870.214154282712
20366.520017439307
20621.493578393896
21533.40331433144
21174.944687696698
21224.130531769617
22610.473798416962
22277.283657146334
23192.32367870427
23949.26064892584
24186.742843578344
24903.348676017224
25164.239376352794
25732.59366449989
26179.550851226504
26427.921177999546
26127.171161826158
26889.99921012393
27198.323883138928
27706.802180344144
27966.221292117825
28188.913565340627
28783.616997459427
28548.951509544215
29251.668336338615
29004.947632244748
29846.70328963393
29527.284681350004
30047.422111893866
30418.954784235055
30889.479009821705
31717.885895616473
32034.28463217312
32212.550777445023
32736.131587080912
33080.46115087713
33610.21332681958
33749.91026801535
34169.22154595986
17219.7711562732
16898.662162016713
16884.98987318793
17806.435742356247
17640.283818258937
18940.153336860032
18157.21168567881
19771.871418807383
18855.51374095505
18634.780626850632
19691.46895809846
20494.18466016109
20287.73368847617
20842.09234934826
21393.40816201688
22157.773075617435
23192.668826822803
21641.832093453744
23188.158401838755
24084.56957675799
23900.726410135
24800.18764981503
24685.352128112423
25599.03777820589
24775.888752034272
25475.64998905915
25063.9730917058
25736.10609223256
26524.083092177323
27387.26232975869
27513.668608173004
28173.658624901822
28329.80833925473
28871.584614914453
28691.01774808072
29072.428757925798
29562.666989371497
29583.597668082133
29896.44956978427
30496.952286572414
31024.651713131425
31207.98413513932
31686.64016253462
31872.476875457218
32684.17203764045
32668.874649635014
33472.15881042841
33766.082916270716
33576.06525040921
34205.81742737066
17347.30015327098
16701.284667599684
18127.973015525793
17962.547754935826
18263.715020718264
18673.130927591446
19134.99950304797
19288.570556909533
19343.59758448336
19901.140021457642
20043.730477071913
20903.90610626715
20833.13301682981
21449.7643724286
21728.493641923236
22307.805393206458
22410.772896847895
22938.75571514906
23532.47766841819
23750.129392812712
24419.597336524508
24683.77333690234
24721.237753716745
25281.115050282893
26661.203946464324
25652.557189099087
26994.293294902494
26447.13425170955
27620.36705782813
27345.83294669699
27826.87421905501
28317.153190697263
28719.161690552144
29002.73213408638
29427.964339673596
29564.85773088012
29970.67039759184
29927.699903441862
30343.766216144573
30367.658538235024
30391.624717094226
30908.414011030363
31242.877468432143
32220.919788332976
32339.546421876847
33077.927048879064
33059.46914410172
34007.44817253268
33588.98267944981
34290.67303947145
17130.4260918907
17178.05621578338
17298.311323553164
18148.44363354986
18679.846736020285
17984.264595555735
18981.740658400504
19472.612417593664
19813.75191663983
19976.883456959502
20575.061178166678
20743.429539655255
21319.490260565974
22045.711801796177
21731.488089076276
22582.483395232928
22634.722124580843
23274.433617169274
23370.506097313868
23944.495262993398
24152.97427646148
24706.08936185982
24933.68100165633
25291.130504889563
25835.507568042784
25986.367246862475
25893.79722166647
26683.032816581843
27481.795469236225
27926.338153215507
28507.867836251186
28939.56706233375
29177.238003105544
28531.951500849245
29450.349111267948
29273.344668141835
29554.646736794977
29977.133073566383
30379.581960802552
31209.924974488284
30921.137327918506
31638.143702958987
31735.729716506623
32284.28559899071
32048.005811199997
32348.5464957218
32941.3104536413
33138.31492507406
33912.265161026626
34270.78531389072
16932.35089756173
17084.24767941759
17007.6064898726
17839.87029136097
18037.93417397678
18746.73449836545
18862.556672300736
19764.79584499212
19574.51017695762
20208.969620921434
20689.835437437097
20749.41307697836
20719.888407337
21361.231063996034
21892.725445228265
22041.021304936796
22394.499264773392
22550.72549186711
23449.989169474757
24134.991991913063
24145.725150630686
25014.539910026342
25395.70904086942
24870.71174816508
25653.418056525614
26160.364657955364
26552.623838983738
27043.620519349846
26647.307476535203
27409.28329450841
28281.570157516333
28526.29163084543
28844.397358163435
29778.849385202106
29417.87148216888
30215.69238554593
30188.701989783975
30898.666848782883
30777.909467535843
31572.710178279962
31239.275497546896
31769.615534151257
32173.021525679822
31731.550893238167
32600.95021005899
33160.31719355293
32972.98367077693
33277.663492423606
34236.60872092829
33924.647085356635
16839.871892282674
17337.204554905715
17462.640458898903
18064.580693294396
18058.220953716915
18810.965772814267
18730.60920962969
19535.167335298913
19789.340406045794
20073.111736153867
20253.20597229374
21254.310430279478
20818.011496855033
21277.473379658553
21923.89557434501
21738.517036576177
22735.904968720937
23210.029967455397
22712.91083402823
24176.385784577535
23476.764120908927
23930.385750428835
24189.97455448563
24638.807669180653
25379.548821727072
25110.12884992527
26228.159207151053
25908.903298667436
27143.190488026732
27817.158914497057
27353.82327958313
28046.777684087654
28190.652166421696
28955.28980291191
28816.5965619629
29540.313065991097
30160.818986383547
30763.385018421533
30862.835715453282
31487.98309545028
31222.52840904628
31851.264760680468
31258.946919061986
32223.223091208227
32826.48953208134
31819.08084558849
33297.94291413286
33601.54957738888
34158.62800209476
33510.903465566225
17200.080844606837
17289.785579238072
18096.029632759823
17977.94903973309
17915.308198572195
18681.57744210042
18776.060408908837
19122.67171643086
19400.219447809217
19940.599238545157
20405.042446548243
20761.3334838671
20769.16407294883
21266.528375164653
21411.587311729418
22399.175696167575
21792.51726483637
22869.157697613235
22243.383912869267
23210.64195442273
23048.743256649042
24095.52548861963
23731.390329553364
24941.792067249175
25194.235644929795
25591.604699464093
26108.862588643737
26487.853975415906
26412.83654913292
26973.73702598145
27007.71167574603
27841.947062755997
28960.22261731317
27880.628169693748
28583.507289884292
29331.219438908665
29853.921598140583
30212.393041829953
30077.619472633793
30644.771069138445
30497.57920444142
30917.492739909456
31584.848710161164
31248.09947720243
32027.988332602104
32647.41953604974
33563.12560450962
33230.2009068423
33866.424622204475
34199.92745954455
17117.119975431768
17027.954158340817
17103.010420758146
17845.790598933676
17800.688933120917
18579.133130969523
19103.25904588318
18923.95808901082
19622.48574868501
19989.999510609763
18869.80714286758
19533.397235487108
20137.435063380963
20446.55711154789
20569.15087042928
21256.516014477973
21037.77819073858
21985.555331343232
21355.076389028833
22191.61222830728
22969.72930971955
23714.186226370093
24562.973899675588
24281.00451169809
24815.094666653313
25444.147266889555
25091.386489511744
25875.990774399794
26328.119130982046
26664.445720252716
27357.903989604623
27501.361874762064
28500.614775270726
28459.669802873123
29091.582358823907
29426.375268480813
29922.87172424547
29360.689494661052
29975.528824027846
30749.326262869625
30562.02237097969
31637.58072702327
32362.264874111996
32386.26292683173
32628.04717216636
32598.472431400594
33190.17018603771
33516.052888983606
34159.3287847171
33890.089842772715
16746.023158906602
17635.023945792
16820.00217747518
17137.759918673568
18019.27487473026
17852.977705003843
17737.812949341038
18375.96532471457
18335.32454190689
18447.137113023517
19060.95099802549
19668.000610341627
19926.892970041168
20603.519710398134
20600.575476139144
21448.435671759224
21540.822547186508
22241.827685714405
22121.16164850575
22808.187382364053
23446.568101034823
23885.884836063666
24067.37336609448
24512.994862113585
25418.703577449574
25032.094548963505
26024.088450037776
26239.830482267003
26773.140940408663
26608.2850717526
27218.179459706687
27518.492241764874
28112.93816329482
28281.523195704027
28613.56943771023
28971.30967715644
28944.41061494135
29587.33927868005
29690.14951474983
30345.11459360849
30663.837334746662
31255.18172635021
31448.377229740763
31954.014821360863
32301.282581236283
32683.00750255759
33305.75290962209
33708.26146846762
33555.60228950111
34094.61320567725
16954.66993373471
16906.98193815966
17421.183244622716
18976.161256511776
17094.02270095317
18332.330565896653
19870.70011944304
18533.870833848574
19207.067294788907
20227.174812827325
19691.964843641865
20698.608404625033
20394.80344025201
21499.343315740247
21214.264658763303
22005.632211039556
22318.187300358586
22166.100496933217
22788.851588894096
22965.437985294284
23055.83519228294
23480.56773269186
23739.23425081436
24673.24457048038
24286.638630179197
25154.474197078725
25817.181254153595
25672.925030925337
25999.82371374784
26630.46433978347
26335.95285780973
26513.78800569209
27170.721741496796
27500.42940401048
28082.36143285336
28392.87751258979
29316.058991137885
29123.938851147195
30168.742887726024
30183.018730691714
31041.93469240358
31073.28330582395
31615.130664025015
31920.433941008512
31779.712734539342
32403.93560469869
33052.456535724916
33447.168304550905
34006.16622289452
34470.762414338686
16929.72077978616
17174.83130984411
17477.59844814317
17693.485600950935
17786.62725206005
19003.193929397545
18192.084648477834
19843.715734394176
19607.82017773039
20375.751604463843
20690.671853603068
20986.5947416779
20578.977069831017
20848.979991823806
21362.66830007293
21409.671650908036
22380.976985203502
22189.355014160436
23220.970171295794
22857.51776460121
23731.360627368016
23689.405015601904
24430.233869486125
24727.069994825477
25478.647585041
25263.942087504154
25549.859994431252
26101.71437828059
26596.839008380175
26001.994619169764
26938.193311478637
27678.526828189686
27732.412189420917
27372.30878134452
27869.63452462169
28785.0658365677
28517.900288099845
29449.476120345003
29843.144019696658
29826.54651617796
30503.303057687248
30741.503496598205
31364.82116247884
31989.739026757947
32250.34904371023
33136.75036201938
32962.48423160389
32960.81943791185
33724.435128474106
34090.15267242102
17044.58458207533
17584.08180035222
17926.464645592183
18170.879520587427
18543.44474569111
18611.258872012742
18762.144794821797
19441.27320828274
20212.778305810927
19508.37066699219
20332.85233544006
20834.384161015198
21679.20925042806
21152.021399267855
21359.506171486515
22196.759702847055
22811.7080310869
23267.32803874142
23815.774102423587
24040.398399581787
24336.64230834332
24392.74098199282
24758.470669928378
24782.401230217492
25428.49743403475
25742.37627037776
26252.25400979343
26577.138614629755
27142.92460084451
26769.029531058823
28143.697286762534
27526.252184760047
28556.263695611724
28318.84789721279
29009.798645919866
29384.64532646705
29052.133340623455
29645.84589562307
30127.349085963022
29829.86232666857
30331.204567317644
31166.52100756879
30785.308885749168
32163.86208859415
31818.90254153279
32645.873888447863
32885.0358304383
33375.41444993278
33694.84591551028
33887.9405178052
17391.030911089565
17044.408805705712
17000.17907378731
18075.63439964554
18442.873371894642
17829.740986001158
19019.43185710435
18794.977500795358
19364.220464187405
19659.489257525584
20296.654493629132
20084.891023630415
20904.049763269726
22018.444048191508
22003.98226108075
22364.59629145445
22827.55719741794
23545.91904420677
22771.59217382414
23373.56658794021
23947.633079333755
24106.442940799123
24852.11515098584
24884.75340793373
25148.422528048868
25739.39223023825
25717.87086592574
26545.06858343073
26259.65603289589
27333.98548539158
27279.20746424854
28267.857993492355
27568.4047590247
28490.83097322664
29224.069848081515
29330.311483220506
29586.64988495776
30121.077003270042
29759.377534310308
30087.962277037
30483.626968318342
31445.887240720458
31151.156564954435
32092.161437776667
31949.992020883456
32821.136112319946
32240.142419954238
32400.070934266732
33273.95493687293
33634.08354503461
16735.6166552338
16951.509394219996
17164.59268998248
18311.077504001823
18030.626353333893
18872.82768838137
18715.63059804612
19596.66237341107
19461.432624904483
19721.280404915182
20762.3241946766
20332.454036363433
21552.31905195576
21317.569573333305
21900.62741088504
22443.185828278165
22047.233216810317
22725.266150015217
22912.265907302906
23240.585197321438
23500.84925760759
23367.586707384802
24261.814133630778
24868.768332749496
24883.637466473523
25492.213547049276
26341.90850953678
26336.18239734936
26862.858401505833
26910.200318038227
27413.375160754553
27583.73496413608
27436.583118834427
27737.93726267324
28220.440959358908
29047.44918795837
29017.16097807032
29674.417283325023
29771.76778660967
30498.9145559906
30442.546272883625
31163.76482342754
31322.825422199163
31907.732427915107
31563.441533797282
32019.35910047618
32621.301110105695
32825.245972773206
32809.477382264
33345.36250891425
16845.59582573791
17459.616930317745
17353.034424217018
18406.83307076322
17952.467442319215
18891.952707492856
18989.50596589816
19635.03000886195
20757.997996902413
20376.284076596698
21497.46689930442
20799.95612209647
21325.836282577402
22198.31699911184
21509.59925231909
21732.076247171237
21946.62101495113
22199.550568847382
22796.292735465493
23519.458597130077
24067.41113402883
24050.381052155833
24435.39197100315
25366.022728792956
25491.60246571316
25234.225475458403
26004.42548088333
26910.483558807482
26654.328953281412
27136.02968057613
27462.486002666268
27639.52552589965
28437.516162109492
28102.526804029785
29220.65652442157
28416.004214118366
28998.06678704063
29313.377862764602
29864.90500011869
30630.605102886955
30451.538117656866
31071.67169067697
30833.515857285696
31908.872985707363
31723.574770867745
32152.832856702054
32743.309999285324
32733.679274354414
33391.470827352605
33409.493463025574
16948.175123747173
17010.681385787226
17760.849746685657
17773.430815516647
18355.980410468823
19002.94612841097
19642.596439689136
19618.294896812768
20254.6836226036
20369.79464162887
20733.13611603309
21168.34783685351
21734.899917064457
21166.21797536626
22037.380028585892
22954.41915983437
22941.331240542928
22607.906373834307
23329.045747592758
24166.518474578188
23692.197028226015
25004.732926089164
25062.799581096788
24423.52235819142
25076.90318816398
25926.180589163196
26109.52635759256
25746.984602780758
26490.70137923668
26686.775397209592
26621.74863985011
27748.33068098241
27977.9121172858
28773.602695642137
28744.674381641085
28908.12364270759
29648.40606948165
29634.920188372034
29527.700830579244
29766.382495994694
30300.33035450011
30495.80927128105
31147.825609753232
31592.927547707375
32500.353272308133
32930.911511277634
32582.30301988862
33379.81199568302
33312.68749008269
33754.469953011634
17010.93402681594
17438.308741925008
17658.69698633654
18449.04446051031
18630.91420135358
18565.735527396253
19319.492026207696
19186.987051662294
19804.424091752244
20275.316905575306
20741.672565328252
21256.95697425123
21746.140879437124
22335.21927512541
22807.83701540034
22243.354765791315
23088.696119596287
23686.919197291685
23959.40374641008
24182.798575363442
24319.379623000637
24725.592062831296
25029.863266005053
25371.05271662129
25738.109292991976
25858.211108671985
25806.457717030993
26548.853571554086
26737.957163495263
27404.019103466017
26413.671895796015
27136.08584671225
28228.872841892804
28002.80750841795
28895.855814334416
28943.42630959537
29485.176364786428
29600.842983437964
30273.3467035066
30380.500629678394
30391.113906967246
31199.26856297687
31228.532383883
31798.581557950834
31991.272573581475
32061.872049886744
32752.286674623483
32380.953942416123
33082.91952498577
33492.01991403508
17602.37533731405
16994.078037619547
18522.823948746664
18197.975183263818
18168.591150098466
18933.5383647749
19396.34389533173
19929.302441795837
20189.135001956765
20312.236214660843
20826.968976494078
21104.320083205588
21878.832070572724
22067.449198831342
22693.239764414422
22679.10668806547
23481.388076442512
23545.572475544344
24403.366456862197
24030.75570928005
24785.646011029272
24533.336976289575
25293.21044484344
25749.209428034366
25979.133840053757
26075.465186137317
26683.121690400178
26243.651952222575
26880.962219532343
27358.117727221586
27662.464691095425
27536.354144448167
27793.234810331902
28311.56506705209
28422.20839946957
29038.407923483494
29269.251017210903
29830.669198141117
30145.421177011292
30564.149926297232
31167.787959101293
30900.20445063957
31926.654565273355
31816.54116540368
31511.2068051725
31877.21093056119
32130.87833233277
32356.69080630685
32782.48727441076
33134.45399519398
17243.11017674844
16774.449553091163
17206.345702688082
18129.285754764238
19048.066405008944
18642.565001728166
19184.755815193632
19484.77107703196
19776.03041229653
20128.56322840601
20308.170846679182
20850.131994288764
20533.023753014208
21401.372297431884
21358.708166042015
22400.449099215468
23007.104921308473
21851.306706481893
22591.756491544384
23391.529912265843
24430.170561109844
24255.439013519728
25284.312861430473
25352.43901921346
26050.991711520586
25961.72225557263
26414.25987031392
26878.051337809953
27295.839556050163
27147.768788604575
27885.349315418935
28141.058735366878
28012.218502968768
28945.09982730344
28905.052810311987
29816.75003202142
29607.726776160303
29914.129550999456
30443.789546544485
30435.345255943867
30684.149326675924
31342.412519055215
31491.911936643708
32087.125691451125
32463.004891536744
32118.111099905233
32710.02590888531
32901.57446486574
33466.18776062143
33761.50265608186
19960.27650385741
20639.761228215077
21067.70005289962
21881.167968403184
22193.45754034601
22668.041158272026
23500.139351715003
23723.47875058486
24333.742474917995
25126.869059385645
24909.25421628423
26487.763102378234
26244.07612834225
25645.190077830004
27509.50913784422
26881.209019182046
27974.506744032064
28685.66560392325
29003.012007686022
28807.391889171082
29240.143497167624
29485.89449801695
29782.72035948554
30583.06956744566
30920.343623778
31384.637916186988
31722.729593316617
31964.059352555178
32825.872274660556
32158.325940143957
32661.540921486634
33573.78469518433
33306.19607411323
33821.5655010317
28135.433645279998
32889.51994562082
