-45.41340921169183
226.42828942839927
592.6467601792531
1013.5593585211295
1588.6719945814543
1207.376108968935
1641.4417940824485
2077.1468192399407
1901.7066188088836
2257.471664145855
2729.386568577572
2614.9834097212097
3312.613971567492
3512.8478640702774
4073.277154526822
4230.492103614631
4744.376187847054
4569.988926668341
4964.5465746059435
5380.406061620814
5484.965983619243
5704.050581946629
6382.387610045577
6307.118949412307
6926.120901029058
7060.8391220831245
7205.852921774703
7797.994300520082
7789.217284566872
8710.808418335037
8593.091126203753
9374.418286521408
9906.126490272902
10083.221069074629
10823.995852546184
10120.510533994813
10941.985998686372
11649.108837157624
11438.062150218218
12432.220803098098
11953.409408703768
12461.653795733453
12866.063830374747
13288.598298569405
13760.330963251734
14211.708582972804
14566.279465819774
15481.938147808061
15292.304693090504
16015.256836942704
83.57024696652313
-151.62748812541332
640.9919795379338
1002.1317177101987
1117.771115806052
1452.5306202965048
1542.7870785434507
1962.3649633205823
2096.4528436135142
2147.500851118938
2330.6257690195866
2863.797987972605
2936.784562273047
3704.6606380848016
3744.1025585183947
3745.6686631918674
4760.475054127806
4255.955099531894
5546.931491991814
5580.477250332539
6307.854668388161
5961.540926872403
6467.089537945563
7285.933176992839
7203.906227494052
7228.4641334018925
8162.860953176461
7968.090576580743
8044.449873094876
8674.058128808758
8849.983862073126
8824.535905258475
9409.261748979488
9498.444648004806
9722.375236373282
10108.219167405841
10627.416747588302
10767.135656698156
11608.177440080648
12471.644250707408
12550.127503783599
12886.18020399002
13273.343245405893
13504.062547588315
13933.486267324548
14245.734174897856
14503.718212858705
14702.855760501543
15240.596890208964
15365.000817542676
-267.74462886328064
-45.19477884914722
240.850772042066
576.5674570790027
210.88059794273377
628.490273094347
703.7073895633364
1135.0924479219475
1740.9704790449816
2367.1609365523714
2697.8480806927782
3008.8892493455664
3062.668154736511
3334.609864419645
3565.1746777303947
3710.9054652831087
4159.671315723389
4847.053499616478
4990.461595981616
5526.495804938774
5665.088063597138
5927.073464653659
6406.36261123833
6871.593804200157
7444.384121428115
7033.842580119641
7697.707249331795
8084.506131902525
8275.716790986646
8619.576582629306
8717.245918076123
9077.552745470473
9328.737535257153
9619.947734977924
9999.04156321153
10766.18862949584
10726.26051057327
11550.321665948315
11570.679831006204
12146.762374453454
12280.252574599119
13179.99565678187
13434.03464009659
12952.269848147549
13720.592726202507
14226.659382269223
13968.399048225496
15140.371126805792
15270.6424931234
15968.077953346903
-171.52486301405315
104.41910666913755
544.9149475446635
760.3610414088466
1221.4786888040671
1003.0584178175126
1306.6855199776185
1608.5516897473296
1827.7306938273343
2523.969930218003
2049.1507882281326
2270.4475447415
3077.0075387047373
2686.124637070248
3594.30091097344
3894.3313573093033
4438.665336434713
4678.697094000276
4884.201342258257
5255.926787424489
5685.854200934711
5972.24591479568
6333.116997933628
6600.321394051374
6309.838640837457
6989.928008944081
7474.623967780281
7546.986862502295
7977.439049363072
7991.708064651706
8351.521510307146
9102.166806757861
9806.735368596264
9727.795581180158
10550.675347812155
10533.21720635479
10339.190473226468
11342.802909155307
11448.511830458552
12180.226257920716
11747.711427098377
12430.067329072655
12533.189927236459
12990.542904985175
13350.408910750888
13643.487656745989
14633.648161065019
14450.028357528583
14262.038870258659
15134.374994554959
58.75829152348163
-35.435191357648236
-106.99342879671921
546.2985468092844
706.2240475165443
657.8035125391027
1226.0251515613147
994.0787327112695
1668.7921151182102
1899.8704163616833
2786.9736698004294
2434.691165405059
2527.2805865063006
3501.1339425837896
3259.565857197796
3397.303461918136
4068.5146751948587
4135.239355720874
4513.915963533899
4851.002071635417
4970.273539399574
5507.347978375113
5407.026108625766
6260.976155850471
7039.796013464294
7023.989411594626
8157.443180864226
7771.710088266091
8398.61221274479
8795.576461963603
9130.114762289462
9070.869183672785
9880.921433070796
9773.018732943412
10480.949464919888
10700.429415840643
11374.842669517235
11700.608644916943
12210.846785413916
12271.96681014764
12845.51103639934
12332.325683492045
12724.892910355615
13680.911607379965
13144.906598422032
13828.791996318105
14271.670628324366
14461.45738841669
14836.061424091855
15121.817678700923
-277.9165541238921
-255.0136059127385
-346.02469874631055
537.2852884302227
1216.8088598471072
350.41752519723747
926.8131159260693
1561.9854323163104
1809.6150957417658
2248.2011667886527
1991.0232713976484
2429.0804802451107
2996.148910172949
3128.9286151637243
3734.306525110691
3515.21794428117
3722.9452686862614
4710.8520758086015
4422.223437830901
5245.1906648480535
6008.360010704742
6094.380822130569
6890.199759645421
7031.945003513341
7593.592429003889
7873.513090298491
8122.949228657766
7919.774842240132
8632.113840403703
8903.856995493068
9409.041581019052
9664.31879214285
9799.831192716463
10364.123222608468
10122.44388622301
10712.781631552123
10548.590697392656
11303.454461318952
10991.425843704572
11497.042326692053
11845.713751008436
12332.146781096357
13124.778145461612
13453.180522573868
13617.172294868038
14144.061398494921
14487.709858350714
15016.174450140132
15150.232197485942
15532.336562842347
-71.82774264667677
-34.6835575241417
-72.1234617427983
670.4952144284213
395.1654423794785
1465.7148447097302
747.6388688443524
2152.559953523763
1360.7750590186604
1297.6302119995637
2093.946228733715
2770.3130932223776
2717.697434425971
3166.026890668444
3585.824985910093
4313.2224019062405
5090.251649547763
3941.855377962732
5258.040130427247
5967.325744731585
5881.84885281538
6749.801434987255
6505.613281082044
7381.257869565818
6689.004843029424
7346.656397275475
6903.606179845227
7584.867991796172
8260.527407644626
9102.469559034746
9168.425267097718
9836.305499317055
9967.519849457783
10494.245208142667
10313.419702763793
10692.090620187877
11166.217429516257
11154.271378434365
11373.487783027995
11919.790686023203
12424.394141905917
12621.075800803332
13050.320462612493
13262.426873910337
14043.63468566196
14070.356902430985
14829.893849713755
15118.57223576013
14977.918586505502
15578.501944429685
-102.33090086080611
-340.2585798401136
735.6454487395317
436.42529021789153
972.4376384922305
1122.0146092232712
1588.2811200639148
1610.545230252845
1647.073131983992
2243.190411614054
2261.957231457343
3084.1441551761113
2871.248675408728
3428.3663963847125
3818.7100531247306
4381.506347032993
4542.190654036857
4962.149329966814
5536.916302264544
5683.3137104621155
6358.219902342294
6571.002685786509
6570.894201266034
7143.865396805826
8305.267483313715
7366.5405541162745
8627.699781194313
8182.636366436484
9247.741148518597
9051.36404092754
9438.038961380218
9861.834147126378
10226.614887737183
10522.710006533265
10892.477876994542
11108.462970583787
11470.555961947834
11421.231445682832
11855.430994775963
11802.61174828472
11908.018562965992
12345.829963342307
12697.674547065106
13601.05460197263
13704.001421891557
14442.159617230831
14433.328354393323
15334.786418418504
14958.634195284261
15656.474571073275
38.333353921335856
-50.118305552793956
-162.50840896710474
660.8727574005248
1115.828680326416
776.772113059758
1339.3731703126218
1662.973427080373
2104.7249261230104
2049.3569257418058
2692.8370686120984
2902.8221492305006
3445.7750716738124
4073.9775146793622
3846.247437105362
4546.232843308802
4686.901334284675
5267.236272378118
5286.48652244208
5914.195624594077
6122.34215154609
6626.794242896028
6804.1310404266005
7175.344104132009
7566.580534475108
7894.923826766223
7760.615559821174
8522.208165750757
9265.6881473544
9524.591790495471
10106.680598529472
10510.132590453266
10744.270828861243
10127.722768053693
10947.006630484431
10801.257533980353
11013.92029345691
11363.132558221647
11821.77993584944
12643.582213329275
12333.048928018874
13037.089436919649
13132.694606613419
13640.008662925611
13466.662304091356
13740.263247780393
14301.73105348514
14544.706064458738
15267.532525218101
15671.362214590039
-71.19467457619412
-133.90820127359282
99.94762288959213
589.0220992063435
649.8220604868769
1279.9693322114554
1387.7128892040503
2197.7206756173023
2055.6113641750485
2607.0894604397668
2912.492973622766
3039.1661741277317
3097.220768129475
3607.2766950052
4117.64281800325
4198.146047580893
4399.964824004937
4681.112536745565
5349.850275581592
6019.277148562373
5978.820066584606
6850.328366972575
7332.747912871059
6728.852669955623
7438.055835288166
7941.377701103893
8306.255896226807
8744.1900368989
8497.75319914228
9159.910747758657
9953.28786206926
10060.698690056555
10411.717372556952
11321.240843645099
10933.626551243156
11716.336661669364
11656.021438811093
12372.558834434425
12154.054010892494
12936.299769835805
12721.668293940074
13213.954805786205
13635.156065337027
13184.842794737622
13996.88733651439
14480.209577298896
14396.71085584923
14605.220685178501
15512.467008064903
15323.831473656148
-426.7524963275714
-42.30802081655379
73.26753318260906
591.6964068546209
558.9534774488604
1347.355237158658
1178.5582905040712
2028.40524259134
2182.339889275439
2471.765897189516
2696.491561255397
3394.622244077765
3244.9453688241138
3599.3715973325193
4016.737494398397
3850.0929537258244
4813.755752626263
5144.386195472439
4787.287707655417
6124.556240754279
5528.972220104192
5935.5386955597905
6197.444802321116
6605.919391650741
7145.68874319333
7020.702084316303
7966.165541198986
7775.472385465302
8783.119845098581
9474.574362145642
8976.865602963066
9663.499377479851
9813.12777584147
10542.618737831384
10283.908592257209
10971.03445099072
11625.976651546425
12217.417176667908
12348.077035327226
12931.14349516775
12677.164323992445
13318.179189060686
12678.852827138582
13680.161062784155
14283.957880091884
13239.38849669413
14728.688118891574
15023.72924481334
15526.962926962598
14912.461995642263
41.326077295067975
128.94779267890803
856.8457549627145
799.2154133052559
568.9921105103886
1262.809206356396
1503.8050872276629
1609.320131763893
1951.672336596164
2283.8283126373294
2743.6592222063955
3036.9294716765535
3115.8529204690744
3566.3012389494843
3646.223728017056
4438.842033309761
3994.421345517608
4862.039509235095
4421.895231204741
5216.877295031465
5146.797350611962
6053.079115333547
5707.245374058421
6831.892538604211
6974.648286777239
7399.548350817929
7812.739305364278
8244.046513390165
8144.688662190828
8659.3293037358
8677.54114001473
9464.21342644051
10523.837557916248
9538.04301278421
10134.355175926097
10907.62523357562
11474.727439958815
11659.0591043145
11626.280656351679
12171.9862175011
12045.861468512123
12312.424638095727
13019.582706725707
12762.552129828828
13424.424831084367
14063.417363408047
14955.05982214158
14608.123895199871
15293.467038412931
15576.319206080025
-127.75999012026118
-55.5562525256818
61.87840123483822
674.9050380584227
473.36203692330605
1170.9689409083567
1722.3306296963153
1469.2302523285207
1979.0005476561907
2436.4783829931034
1416.2252950834697
1883.0177548797285
2654.7355017807304
2762.3097068213315
2896.933600665767
3476.2016119077084
3356.1719438050245
4194.731798767149
3691.8371868368245
4348.496218304779
5032.112249174832
5727.953723669156
6418.4517864707295
6181.889699445455
6614.8433972727835
7228.531910561346
6851.1705005081185
7570.75862901326
8060.270392684799
8348.873709818632
9045.131830964638
9134.6106925262
10161.94515631017
10091.635799513018
10748.278555289913
10980.89119890668
11456.667827962763
10960.012742730902
11494.488058758843
12202.7495118537
12041.305711610723
13078.332200977535
13795.267429050817
13815.399651383326
14043.094480429043
13945.413557837945
14604.815029683525
14860.120722992575
15573.910843478614
15246.831043048807
-304.43047074015556
488.3435373809985
-23.71010025669185
166.38771410308607
702.3616732598484
769.3716725791854
575.6603706405642
929.8818672706889
1280.1137317776547
1132.4794477977975
1665.084386616813
1907.977492154684
2432.67473322548
3088.679435163757
2737.675011820038
3639.7842044045483
3610.4278387240897
4454.7969934073135
4189.43989258739
4994.880212676725
5435.50718451993
5809.579616832354
6011.548085388669
6378.588697412439
7219.835775170865
6841.671186850036
7823.622943740433
8007.456560920485
8539.131338006786
8293.951301999548
8913.750961046822
9258.72479648179
9781.421986033107
9903.910279025567
10123.5465380424
10574.426994375362
10490.412810799537
11081.824463091289
11236.978302465699
11839.937954773213
12154.390528668424
12707.162459154893
12940.100284762368
13393.57563184326
13737.457572701127
14068.968231455352
14739.246323247491
15005.994967653485
14970.511418237385
15519.352773438164
-75.4951614384219
-100.10856951246924
320.60488602402063
1258.6266126356475
228.7190166221786
1149.2596613533804
2104.6678197814795
1113.9789040875705
1888.3103143302556
2660.7841241716665
2414.7514841985558
3134.3867293538865
2862.7940654556237
3881.6679305423713
3530.933305005772
4192.365763273
4428.560499296542
4304.4935053438885
4742.44382397264
4899.177023159628
5076.742091212453
5397.116497654371
5619.39613258235
6489.302823995906
6166.355655570765
6965.826132221439
7565.242908433763
7460.145705803603
7779.424158410985
8314.633105571542
8144.1465044816705
8267.786499980159
8856.419007792325
9061.561253241998
9746.42498040216
9918.56367438786
10825.586242599495
10619.080272105504
11650.46579577904
11661.048910107673
12507.05349298294
12521.362986117274
13024.287113009
13370.833355813234
13197.420891906113
13798.388270696256
14439.409763975666
14830.659600404337
15380.768079193182
15831.158665216015
-119.87133563433507
-57.10698633808821
356.87787359459935
594.6845912148265
581.9045034206141
1362.5491655816927
669.184662333713
2134.183903681042
1948.1417201529127
2655.651856294526
2897.7364593971133
3383.290076251216
2819.2472197283437
3033.9100918238323
3542.202787989406
3570.347641128269
4524.267132945782
4300.588043739749
5324.981917674892
4940.875991805147
5602.352040517138
5605.996041232204
6231.3067077524265
6539.407910669299
7256.285438733563
6989.455302272156
7265.0512619524425
7811.121384387153
8324.472794609994
7699.907316010527
8622.456894412371
9343.29834321093
9370.3014493116
9048.731038711276
9527.773152611044
10379.276740609439
10134.520331770906
10934.853112820072
11319.967100078853
11288.350064553684
11955.078493119063
12186.688378710196
12793.44995818925
13403.013473219165
13640.43186716781
14519.100743502053
14355.158572672091
14368.537214608597
15130.894560272682
15474.010036416259
-127.4956320082826
187.8711014777024
545.4667273307114
769.0524647447792
1132.6939854737673
1145.0797391681613
1315.6964351573422
1983.449612225334
2514.053992301194
2018.315053306624
2803.028532963637
2937.7687654996776
3732.6907661555897
3481.993478716052
3487.981346613374
4244.230217675311
4823.446920873113
5302.114499207321
5792.124666118916
6090.97605316329
6360.331314428609
6389.363513930209
6567.066230781238
6592.231099843124
7163.9277054113845
7413.712596855186
7986.8579950983385
8283.496383063606
8839.861596677063
8401.43581162432
9743.286056877841
9168.698093914525
10120.228815430632
9937.825841441974
10579.730054204205
10986.90227264941
10631.4270819011
11183.955957188266
11699.326557634611
11376.152079350219
11821.139111097604
12598.477933452254
12197.591003685178
13482.023403937861
13198.005213039598
13979.930714757289
14248.356755348143
14767.01418227806
15054.671256396256
15279.863488196486
296.24304122344074
-169.04376852062066
118.902383255034
662.0060273049176
1206.8866629858007
882.9633466023686
1563.3792566571985
1337.436557162437
2039.3751134210836
2188.987469735467
2702.3266026657966
2639.016413771176
3355.3016991909717
4182.619251839462
4247.046672373256
4419.939480974306
4971.959098622134
5631.608043769537
4787.94419776179
5336.254859820705
5840.760775283718
5983.310200215944
6697.8702761564045
6698.478917760748
7120.064544276517
7528.488891234425
7469.460401932418
8234.48535895117
7907.7535012137705
8994.594995591942
8815.897680079786
9808.957535056696
9176.785197014247
10021.10511281158
10745.690335358044
10768.088410903132
11107.328267541196
11519.982588388308
11273.595827478872
11594.645949247799
11935.905228316136
12892.076713707815
12587.44475421577
13513.215257660253
13420.638512923017
14209.44433775979
13655.070771507875
13836.972040927345
14669.062017161912
15005.820771664243
-28.639589803777785
72.43034163509085
196.17796249444427
1064.93167108808
798.9568331702968
1549.3249757937606
1273.85594749652
2052.873225247699
1902.6611886072485
2102.331012958534
3066.0387064853044
2808.75860132712
3698.298387921543
3563.876515955826
4077.785084551634
4432.55332628582
4141.560986118811
4613.427637166195
4899.3337998124425
5197.884083343798
5304.665996693627
5310.2542285400405
6134.504318163876
6574.01292998727
6629.350974508225
7294.623826807832
8075.986236602203
8080.935925636982
8552.938611915897
8556.0619960423
9067.899171592304
9196.663504406422
9032.382479330761
9244.341191861684
9792.776904323086
10561.752106458784
10542.667840785882
11184.98199972197
11292.094546595032
11997.08424449737
11917.837500798234
12637.537196264544
12783.809279991861
13373.29746467671
13046.220925914111
13451.808513544709
14043.814348931493
14208.85190481552
14242.786265667668
14763.981739254436
-269.56962781967337
264.819879954852
276.96334449821916
1066.356759112057
700.7250772301801
1408.8213431322463
1605.6324917259237
2094.410295035175
2858.6524631363154
2768.4084931140414
3498.5799546815692
2985.376354462193
3456.7979783443197
4159.380105743549
3688.338146779602
4047.320385463909
3982.5116891823322
4197.335982171592
4805.316082346435
5347.471997420897
5857.206183045683
5864.439514901201
6221.909844374214
7109.283172090873
7220.113580681478
6968.55430083413
7705.912644138536
8600.44501129509
8321.856811617188
8772.812042976468
9095.555169986963
9307.346930193835
10047.22417622527
9780.087971192439
10831.02205282419
9951.48805009169
10523.689059095746
10833.097068324734
11342.070009857754
12090.228792563032
11942.271286802237
12456.076205682622
12343.95579640862
13293.221404007862
13091.443563668467
13632.979166165178
14048.256328447886
14103.34612590174
14659.320036785868
14779.487307244939
-201.41600316823116
-261.70265795206234
580.9109926147968
502.1420567756305
1059.5454787681317
1669.1236002412954
2193.1809138716503
2143.125262836813
2646.8070846079154
2834.8314773424195
3056.451521160634
3440.0350551916663
3948.305125320043
3600.2540460015684
4201.19280692499
5102.467983592787
4849.7917564223335
4635.747022516609
5301.644241080457
6085.172797445262
5535.937452695793
6834.532160886034
6844.585355157852
6232.468964661156
6849.436813599651
7644.203241371996
7752.778567774275
7495.213706743853
8163.502401966322
8312.84542047324
8220.196652501703
9330.509806762213
9573.198165649692
10359.584571653058
10318.396776601781
10472.494172553434
11115.365878883318
11183.782643159573
11084.964675472402
11264.847687212834
11718.836700910884
11966.971971413488
12619.754127749498
13002.464565336837
13902.22375862094
14289.429182840382
13958.260196809268
14784.325721569163
14693.960832926325
15123.470472465082
5.261992892537849
171.1064363302117
355.24726424813565
1005.4501936321113
1214.5955737292993
913.909129473456
1828.2219434443612
1534.4526126662147
2121.3051795377746
2602.571909642389
3007.3440320413565
3541.064439329955
3880.026154350522
4406.66381289613
4868.560544820319
4440.3631046540795
5223.094380350778
5723.0121189022275
6076.261675174243
6049.985013203973
6162.987776132656
6666.034523880023
6836.659074803746
7308.06935663873
7523.902261009703
7583.233985772763
7570.125017750881
8235.57724293336
8375.478079056138
9037.431376254544
8169.803872253059
8855.036352951103
9822.11287324565
9623.391126479237
10483.884736263713
10471.76252980457
11019.823835340729
11094.47129720258
11692.438773105361
11874.359614822899
11782.925533307494
12574.403808606252
12581.94304926208
13158.303224629082
13327.842565796245
13430.583334247865
14114.312810073729
13735.13740891498
14458.535531118672
14857.573453882767
132.65856106299992
178.78828982723493
945.0281813464617
893.4048433668057
879.0670244750431
1457.2555671961845
1677.8240436523913
2223.307595600195
2426.057176551663
2496.4352303035116
3076.676663421073
3273.3764191683645
3950.4708841394777
4187.428083673079
4737.431149592708
4671.711235506332
5438.311896234565
5503.035581052386
6273.875925472767
6030.2392181224195
6662.682089641189
6311.570534502804
7056.708004376282
7594.071511270061
7706.074491943553
7801.246804121776
8402.88281610383
7983.6055182666505
8545.244864861588
9071.281814895832
9310.275486793404
9120.335848104585
9397.02419207394
9917.443873459153
9984.36589872468
10616.680950525482
10804.301308519152
11333.387584210486
11630.163001808553
12058.090153614772
12562.886493070133
12327.868844751638
13277.977786515183
13207.749626956082
12927.33070572297
13260.617767762087
13526.230117702686
13734.033955273166
14178.309668635582
14493.324025467587
12.17569438791153
-164.93714893099394
105.06944702865373
846.6237176997333
1630.9657040329682
1214.6720072853861
1680.6212417813101
2079.010959067863
2183.2306797466895
2562.9706891391425
2853.4907631791184
3250.701791637107
2759.060981234379
3477.3727677768015
3531.3628832963823
4522.047043568685
4971.274977773914
3998.513009360187
4600.634003629736
5398.125149638245
6346.42461858283
6206.50303508407
7018.918117750274
7095.991861981396
7715.499809317292
7677.812496897038
8049.092421286409
8519.058291605881
8867.417085189574
8788.905075182494
9409.869635527171
9720.840376930557
9570.306954147223
10441.766528229187
10413.131440510773
11322.9510746666
11046.594549074973
11360.342627787244
11874.36117120344
11891.2013778458
12105.092939532637
12740.680795443996
12884.533212866665
13476.043968126609
13845.135954298828
13505.703938704057
14089.068364738383
14282.583869769625
14815.51645811029
15091.987000849715
-206.22154536674478
34.042858135541465
-87.18626725884074
691.9423234481296
1414.7569801600189
518.0560715333685
1709.1454285803338
2262.742644185993
1985.8453309474016
2613.456303243511
2782.05863433973
3243.7482712495344
4169.223956474632
3963.2753943510197
4198.820158287289
4653.520754600235
5170.579575713254
4713.381546174264
5438.987663571248
6049.727199900713
5643.615561273094
6145.299358932671
6879.004257071843
7142.279331869277
6726.245602199472
8110.310682371342
8168.630485313582
7989.2040011620475
7420.203900828328
9067.991358441064
8609.92799385669
9514.742203647713
10156.780907582755
10485.678650684644
10271.329979160055
10716.598475021088
10873.418254827358
11233.103856914271
11365.304456156677
12005.836342589493
12378.321605417934
12792.601703155942
13149.37959861362
13292.227729131442
14217.170019132998
13547.522773630859
13987.498554961769
14895.966541038139
14662.898501397638
15113.157021209316
11.42170543564482
-187.58960101530465
-335.5719313221328
776.6649568165185
1524.3802287575552
1280.0746982453645
1901.7123860506915
2221.85791379754
2461.666035344534
2817.563152339244
2899.145761163269
3417.2831801013135
3250.528745769773
3676.2321508499112
4028.324770415722
4387.2186475234075
4808.390281760946
5025.82870351823
5415.599792426391
5747.872222603983
5568.94831002423
6170.080114246644
6766.890282475656
6572.459305526874
6815.989868297529
7606.680166269862
7675.576443566248
8773.309197224322
9345.851417846136
9427.569994188856
10023.490596140608
9347.932875900926
9662.53148268555
10084.103216066871
10128.158889967179
10082.244274390194
10619.966691994336
10602.274772482777
11325.358688275348
11901.55263355649
12254.589037345406
12726.250482369027
13103.91811682758
13178.871043395138
14033.697452903518
13894.799718504742
14489.438587681283
14137.976892058996
14950.460181621856
14803.611423739143
357.1346296783288
-31.364970060701125
400.0516655466148
653.5075987693846
916.3691864015781
1166.4947353933653
1416.3103383171726
1316.1263481748756
2033.6108555446363
3018.2558280815233
2810.206878677371
3534.832606783045
3642.4664204894675
3992.448388702518
4042.2205965579733
4565.86429853134
4831.851648882912
5424.149262121152
5815.964586910912
6114.928063996357
6011.065776562824
6296.6341041355945
6621.678592726518
6775.226882561786
7053.433685757657
7529.130866480199
7550.598493512582
8246.923360720873
8417.347394417195
8592.118527472761
9073.292163258464
8443.096505604914
9305.061571713773
9274.052288246618
10143.600704300632
9865.012090516077
10516.987240944141
11181.549747564604
11002.427596335718
12017.482205892658
11189.576474618758
11959.45036575978
12810.333574908564
13286.765314498993
13398.708557040949
13616.487963359135
13640.456226882097
14481.778281318973
15223.885746166947
14209.44103836722
82.68665929018782
117.6505292707771
-150.23591579137727
813.351341175225
547.162326989301
511.6349558140921
890.2906212160502
1242.6538979390275
1802.2441905468759
2691.354437900565
2122.6959802090705
2617.4929974752054
3476.7261194979505
3445.216618310584
4320.454053445326
4047.027702999884
4086.664977323535
4350.107704626538
4667.345252482722
5379.766684346398
5131.067435281036
6121.808103415272
6373.838169508485
6762.985682343914
7277.396315235472
7164.5124687880625
7795.896156782194
7774.031397447
8316.295894080244
8401.57846845184
8853.095860744055
8850.699509884478
9670.561535275541
9213.756923032632
9733.785239813145
10352.392367971275
10737.018311559847
11050.263368460439
11606.253190069001
11798.55855251232
12188.306670460643
12326.067864794
12509.095619524573
12766.99182682704
13112.38945162145
13133.28996239434
13838.549647401362
13951.308093355625
14674.445234620798
14886.873450028399
-339.11913172197916
-488.6525070167832
-200.85750172663427
451.71828775041354
1056.3164173983419
1489.8640708655726
1616.0527260601286
1108.6046162752696
1732.2592828317358
2035.8861283994481
2114.081572543109
2537.658541756135
2858.9096270318673
3162.988495343231
3718.7255134184807
3346.819341028111
3845.058785824586
4372.741030606299
4965.015935605389
4914.7053881705815
5750.281667010311
5739.112215504846
5953.35288800092
6358.265459807136
6530.4842245964155
7314.7306860564995
7215.4384915098935
7826.491664799982
8376.072860378119
8621.955583423352
8995.003595194623
8935.721306594243
9398.162754270092
9710.378166508892
10405.972151327464
10563.13193147811
10333.090097929191
11354.932332158247
11201.948349519724
11888.39975638073
12140.86972344671
12631.223428592455
12910.077915649648
12712.969949212807
13267.8218678652
13595.322242528924
14055.340573666346
14213.842974683952
14946.898636002321
14592.140399136335
45.374288921703815
-89.60109930708474
459.3750053014191
750.3076667914551
938.6581588993695
1458.1522793105491
1497.209329217163
2067.1488236847
2146.0572791006584
2640.492472632285
2215.240228757944
2800.636687490367
3328.0493412422657
2868.893024241246
3523.6969707893745
3690.7178906260033
3964.0420507989
4272.269614589706
4531.443247548002
4981.969509147099
5375.5068228313485
5373.16725087244
5313.39111205882
5930.734327758678
6691.762523314899
6543.2238439477815
6959.980032004753
7530.883675985139
7285.236037234688
7735.270544678682
8118.96690184984
8368.18441227974
9110.92117838437
9046.390999160672
9776.00091736594
9934.738389863669
10470.70928318405
10226.391998617404
10735.652519583567
11579.40968326534
12684.996772284285
12578.972337523212
13412.025991104852
13363.830173041197
14077.979551514438
14019.949027319908
14823.953039844662
14238.590038392535
14737.469551200564
14743.881791720954
-111.12224661843949
-54.15446428884985
459.0610185729739
429.8752974229
583.0657599103685
871.9546334168052
1103.0065104515397
1534.428525309577
1845.5073047053547
2290.574213999559
2192.611011287647
2830.149951686558
2539.3518598627797
3299.341738801011
3332.665889348868
4263.617175378973
4772.702097035324
4794.703271747015
5156.6837410731
5386.854580350442
5511.999643165879
5876.706990215851
5742.209414059522
6289.109716767949
6290.979105946755
6948.83142461766
6534.3485542773515
7115.125998277388
7414.85414009899
7883.34676474213
7720.038635935314
8569.09173982583
8810.130354757544
9506.9490401836
9454.29076506826
10190.369658297628
10000.035100681798
11245.963472035604
10705.758567541558
11509.916103299187
12304.249024202296
11735.525626348563
12667.219653647518
13265.080614117207
14265.522680161697
13800.074411633572
14520.509373426346
14878.665976630022
15127.378814819662
15441.360137881946
-155.58401009771424
8.881487728367789
-107.57271566226291
691.6866078614023
520.4804222628202
1182.7641509476643
1424.4260830534345
1553.142314248546
1480.366499103232
1868.9545615143197
2393.6031598706268
2367.6667352933487
2990.021284401603
2963.5578954776825
3414.2301240019747
3832.365129570449
3902.0559240031093
4637.347961571526
5356.780938739031
4599.09147012835
5454.2388818469035
6110.77690446304
6344.9444023865835
6683.815709428364
6919.889085665372
7232.201839695071
7735.414417759477
7973.431432028808
8497.849827538044
8712.382674230073
8160.604351018107
8991.660356089502
9543.899217252701
9095.290443720682
9735.052621247532
9885.939615072268
10753.177474815042
10657.674159470798
11060.663886432138
11309.286949948782
11807.147626110742
12339.67854979667
12604.140927506744
13480.503349785415
13111.887483525248
13853.539004710896
14314.469748136118
14773.479076095373
15088.304331239638
15721.377510790317
-180.8887276686398
-252.2482139930709
88.05032534459927
781.7840289853376
466.6897308730359
1291.7288475452883
1382.8290991423664
1999.8729124915108
2024.8788435358088
1947.7647853978813
2398.8976847345452
3050.769206091181
2881.8133529708794
3738.881494980579
4415.540837906816
4103.286430656757
4496.670105893227
5132.309867298196
4705.644220281721
5280.556086074218
6070.433831531358
5862.416507651026
6576.468570632726
6824.176888035656
6670.511576177644
7229.990641283352
7284.914911102842
7457.733152317679
7397.6173441568335
7965.06953162678
8189.5257085031935
9113.47666263444
10462.607215815548
9579.352040084083
10094.587775423573
11370.907688637093
10290.818139593439
10933.71896851238
11475.433710594672
11558.116950553585
12058.784783510651
12341.19575796446
12787.527580583064
13693.303313352942
13527.311647580262
13505.312108543847
14173.216875557933
14351.475187154929
14867.798601334822
14830.209385781418
61.34460803526402
239.95236557033692
612.7129965208837
1024.4691243063746
909.6950023927518
687.1591793949952
1580.4960083899432
1381.6278275546101
2420.567411123656
2198.2709274272784
2064.8390904201556
2652.75397389777
2758.1809306929886
2966.6086168679144
3602.662085976783
4369.118888759735
4262.154410724168
5040.002459625709
5275.8859679459
4923.144040201874
5720.756161793084
5927.634590419495
6653.194189152732
7257.775795598404
6651.85315419974
7517.4615587535845
7998.148470900042
7889.14497408773
8250.814141870702
8418.169637667137
8790.6173457803
9020.524981297436
9806.159404609276
9793.55333986136
10489.797859417165
11239.165933741313
10698.697111519514
12038.128786464838
11463.064431593615
12149.253262759734
12088.985582595198
12821.343849611943
12927.623520279953
12837.63495085284
13773.414907993087
13612.971359450401
14106.694753942804
14744.001039819024
14401.341907701843
15240.504916595686
-58.90298755081232
-85.0284901872652
291.13182422640585
694.6599751705344
1600.9070059817814
1158.9288137591927
1217.9164404598575
2013.4049709255005
2697.646508133881
2894.258015696487
3355.751551405158
3401.391877081453
3396.448085681372
3843.91610005422
5171.456783203432
4740.388737176583
5039.108018478394
5644.609386804849
5857.280083093246
5963.573220976828
6594.20926421218
6551.169987618492
6967.134162606537
7144.99210470669
7567.8704432677905
7406.387178423405
7698.517296656377
7972.0669433600215
8122.560480186507
9082.780271824035
8984.541687315197
9718.722625934533
10083.70206118712
10603.610626926651
10073.140097373396
10978.636476205045
10909.182803282614
11641.745734009495
11702.1668933736
12399.185222169155
12648.32631406649
12488.804589130601
13402.349401929412
13305.33271088296
13835.609489643895
14278.978470952206
14012.566588398155
14641.338809469922
14684.414154655016
15495.490669395775
-118.44955103673959
-281.0870702953385
358.8808045104889
605.9460739402099
539.2804023904589
1178.1758893890853
1257.7859533910403
2044.8523162449703
1823.1856029856215
2593.330852687468
2566.969891590795
3247.6671805069777
3368.740725564225
4075.2952965159416
4454.386009503303
4266.054822448978
5161.838999492089
5093.019253253015
5363.998179874437
5683.773755007821
5709.3864761793075
6210.647547170434
6406.810288788965
7057.650615992419
7045.108907366954
7665.908033118926
7879.169024051833
8514.677000113279
8508.666049034779
8342.02100146636
9170.579180064471
9412.305082875846
9232.240450897367
10212.349845125873
10060.04076450927
10950.788960133492
12347.505592144797
11660.122473394638
11860.075760594584
12614.34733839151
12835.468112054961
13389.884744691182
13312.933834618854
13258.309675265866
14210.464816208076
14082.650819149172
15050.074002944519
14864.01389359644
15443.12207571915
15555.824396099038
-156.3879309475651
-274.9669809038133
-18.241768017180338
579.5741304403138
783.5466232477628
1107.532915668957
1431.3066596174924
1436.7513456051252
2122.5632820433975
1750.132497313595
2286.326362472473
2957.9186135326745
3009.981878538751
3653.211146259547
3827.04212910227
4504.334300510155
4666.552599669918
5355.209458085184
5118.977945580714
5791.753945707652
6032.04102535386
6485.0549438068565
6890.811359262628
6823.798841827688
7229.868903007528
7874.2701044300275
7989.779004405048
8578.56642856358
8859.009120512084
8732.716184100043
9220.7315695352
9948.631879799652
9581.326931221554
10456.051737083975
10669.242514716914
11168.82893642391
11259.931457808818
12055.795561186327
11326.851923059667
11814.882437467859
11757.165743188472
12468.34452824562
12867.869603292307
13204.500013672405
14024.723418153904
14965.83122557132
14953.937607994114
14511.233030432402
15101.88139800772
15939.362924439625
-3.6847250064128403
-95.90362797337647
274.9395683672146
360.89447753096306
938.6150953716503
658.5259652105251
1109.6138383737098
1606.262957773138
1819.1365547542212
2351.8091501372382
2645.913947780864
2514.926447486923
3454.704130219096
3309.010583837862
3581.133916277298
3965.486398194031
4519.874033902152
5235.431384257762
4721.800268068517
5230.489150476959
5990.200317401812
6616.984182908414
6960.58486651665
7538.355368087834
7782.653309516371
7818.1161632732665
8325.358385284895
8480.276717714329
8517.134484281327
9141.443089021206
9244.944677491663
9914.92999254229
10129.913851045774
10707.601297860445
11036.02400209153
11320.487190114192
11571.46671788509
11089.938536387564
11994.343181326234
12288.132631989505
12694.834764579764
13132.861567544192
12382.60223386051
13025.896811773182
13708.281904918695
13828.515255775217
14413.163118840754
14336.59056857562
15255.98971515921
14968.697751869591
-215.10216569025374
-146.4300569053525
19.239528570440775
437.26977014767505
566.3340029818999
774.2850452527847
1073.353990829659
1464.3885687741906
1933.6890359956674
2044.9074673483285
2381.710065639129
2717.9549235825893
2886.8666413303436
2986.3336095592795
3065.0745713252168
3591.660659599722
3580.815139076847
4251.697359844382
5132.05327857065
5700.674483748681
5916.462374582197
5965.0996234268305
6439.89281789686
6825.283076009439
7091.22476169883
7373.312516696047
7779.32695774452
8150.093449841181
7858.080577563815
8888.719050765736
9253.052857602883
9917.945891417165
9936.28649527052
10661.999817472712
10547.874169997116
11212.22844444561
11949.218195335654
11356.04183610187
11983.140861372272
12595.996276653252
12705.07278020522
12797.682461268485
13460.207201397545
13687.682394033644
14333.197836578376
14316.134545698093
15033.619655532571
15021.066672087934
15750.303755945635
15854.000493355516
-338.3769797512574
-41.366114453618614
448.07342824118257
396.15357289654804
664.3886222003491
1133.5318670037916
1336.9208973660789
1699.0585681721925
1872.3629631668134
2128.118864500815
2291.931510689754
2618.961284336947
2807.2740148760145
3388.5611980601225
4053.414023888088
4225.22927288902
4782.801982664448
4315.70583126037
5020.046361439417
5218.873735878266
4799.06436449763
5404.245259959764
6105.659353020803
6095.041299732957
6712.241591806406
6680.341498891204
7399.9300370179935
7734.494632607623
8106.85003875223
8345.848975551102
8958.50357234876
9046.584428072083
9870.08757461771
9837.705133077085
10526.104046550241
10509.291829774413
10831.585791397969
10925.787711510558
11535.523160517918
11780.545213686852
12286.452495317066
12712.288117154227
13461.58248151786
14122.083359184486
13655.1225365962
14346.387339316661
14786.416043035308
14922.341027671684
15177.798265842855
15581.477341795257
41.29796962869348
-3.800181141774647
3.895055454102972
520.9378319657791
884.2378529634888
661.7906342226826
975.0882897290167
1556.6996253476661
1506.1503967797796
2231.0107765114676
2434.0668050812856
3029.877509803646
3422.032089485959
3321.329153841509
3607.396447846528
3802.204407161389
4243.118635453792
4349.980325506404
4398.734373586175
5262.4617284852575
6040.274883947541
5800.703500945001
6294.056278141237
6629.93012210329
6845.880920547718
7096.205913222175
7065.075682398863
7645.033660458745
7835.416416081487
8431.282308417136
8510.32721500433
9272.383121664485
9526.255556072485
10139.21098429312
9944.720287595035
10950.836014720539
10615.973870474585
11691.070546382434
11517.08151203721
12545.784856148142
12347.735691329879
13292.6535467908
12813.840767997486
13557.72815836689
14317.982542196809
14250.3447827989
15035.122655058934
15001.550110071345
15192.518166996198
15595.824753743693
80.90799260593262
74.50673235796148
666.8867943736356
746.866069946602
826.6564347819407
1007.2997109486568
1534.363593501185
1494.037305723439
1339.574992938778
1948.167982988189
2201.3636247475238
2940.398370734173
2714.4496608548006
3311.78357288535
3481.93353511912
4012.461727727701
4204.252319951587
4660.099908380731
5117.0608129621505
5481.470663119437
5872.855938118081
6296.426026555543
6244.359677329739
6912.204335138099
7382.084308088202
7244.190891264787
7602.446700172986
7690.043116669492
8151.082283457615
9072.93273482212
9027.821445820555
10026.599661778971
9777.687636005236
10472.182466122895
10582.03216685496
11440.966884965523
11408.773157727619
12219.082889089765
11803.440521585633
12148.540968191488
12003.896000982466
13031.13332336986
12847.79977878957
13772.043234195788
13479.905361347679
13543.942379631733
14444.756209890667
14777.31714636928
15340.430722681282
14835.689682381677
66.66805909043524
443.24032322541626
1509.4316705507424
1104.5576348302536
861.0567114786686
1650.3522502946166
2429.5368516920557
2712.9098871869073
2393.6942472103137
3542.94373707971
3169.3086312104774
3215.4245387240244
3901.342590172533
4410.42059871515
4025.9561699281276
4571.49041210002
5307.205999507454
5086.8550138152395
4890.944678168521
5769.258591431824
5794.320150975524
6147.756564313795
6618.678531697582
6503.419172122859
6047.610461720946
7012.640482532736
7405.1115349818
7753.6242652651445
8391.932939517954
8705.054450294727
9494.197320487683
9199.63764250345
9905.169162412907
10436.015731023032
10637.084319575542
10515.668477709103
11065.90178818195
11190.122704186851
11143.735010816865
11769.776269495462
12291.103330969652
12581.834874943728
12615.944606436196
12808.602476777982
13270.598611848156
13533.616979602979
14229.894399218689
14156.569843700316
14495.916082447857
15122.800655152516
321.74333561596967
1304.9467341656393
1136.1543044239309
1849.0146111281044
1706.3608500746382
2095.03492884949
2514.8760067026533
2703.1854226636224
3173.2258963581285
3085.373716700773
3521.8807023790587
3801.2757985725757
3955.091325008722
4127.589409194458
4317.183720407773
4470.240752059132
4656.144195308626
5231.6360537230275
5138.2055369238315
6032.607675549065
6526.825754294788
6924.565257686007
6723.646985671633
7150.565018403978
6968.245467083406
7395.806652782661
8125.764511812582
7834.64747383831
8593.081122590876
9066.771059856244
9010.558133333396
9246.512327081722
9789.317793971959
9885.325416218915
10645.40928024839
11206.795738957906
10839.619694644645
11500.31210825771
11783.35974981166
11987.786751446121
11991.738829838432
12326.075354451017
13086.176174229733
12812.491101542815
13581.415605290289
13658.429727459503
13911.784045978524
14450.499034014254
14398.003554408186
14724.544186090008
68.33999261523039
587.7287297721833
816.2795654397813
1313.3333432070672
856.001998851799
1713.7727776638474
1834.6453940629615
2725.863609000132
2463.236397971113
2614.5991523729176
3609.279273575719
3366.136267674082
4141.573306589494
4178.007098899851
4669.362114114407
4270.754623872447
4767.590488740022
5451.90451379456
5647.394313081842
5889.435449118583
6467.426703585982
6181.901393245226
6142.798243861747
6721.493526753579
7044.967303888215
7673.717958859861
7625.212717947177
8348.194836887236
7922.201461140726
8675.196795704007
9126.377564897433
9552.813231287304
9861.175765763837
9090.331007269717
9869.581245024145
10465.109127314725
11252.113487193956
10621.869313592064
11892.909909476773
12507.076203883471
12096.495444741908
12574.359890609398
12953.286585682119
13378.011089554504
13580.904975963664
14358.553177996551
14521.47270511059
15338.333865774768
15247.105294048808
15819.512497705071
-152.3051006553634
-307.22633862955854
-216.47679681495526
192.1510418160752
517.365146698272
1168.7485111537605
1272.8742277159874
1005.532675159245
1872.84569436756
1802.9248862352995
2567.7675783472005
2834.0462125624754
3585.81622529363
3626.0574436651427
4676.363267932706
4668.174414275428
4249.097866041579
4490.503240066074
5260.568147190496
5164.543110865626
5179.126492981327
5900.037932470559
6125.296468776994
6828.17768793227
7182.566057180577
7557.879485294037
7754.772483353487
8413.218580321254
8159.103740946733
8489.420039606497
8944.227902404524
8985.915385725359
9459.897984431727
9579.798770648229
10132.920045675352
10276.263022419747
10779.053588328698
11083.477552612798
11729.470047401048
11888.199573270984
12623.151216746463
12546.486393259196
13270.438439294325
13619.27148749567
13238.371710343481
13810.344477736744
14312.197584056636
14107.699354882165
14561.443514102817
14989.913923322561
310.1501388617828
-265.7184595434242
-292.1218752815535
307.75153785667754
468.9651507240265
1077.093865834091
1382.749961041654
1676.7959763523909
2256.0577905076707
1885.9215523832404
2438.208672549729
2742.7848648390095
3291.6866625669218
3103.7599917460843
3578.5104915888037
3967.9860368682275
4198.91506332676
4722.775215286067
4820.7749879012135
5639.5694146499445
5640.3936075491965
6516.797058386539
6571.046696295986
7200.89118595563
6882.690880890253
7285.813263215645
7760.141218442705
8218.538233832618
8143.582773615673
8522.096111065948
9280.936787935205
10076.832596851382
9611.064189846942
10069.390970334307
9714.600939840715
10678.62781273393
10759.055840676641
11416.89555197781
11521.886857322741
11749.425049876674
12296.65651606054
12854.54486224966
12968.068162129915
12500.192788688957
12918.677509333244
14084.538657548892
14841.495643151906
15278.129467805033
15374.80559166477
15851.557448216992
-218.00579055980876
-78.01779011545534
353.2753599488227
822.5125496843931
964.5428669861396
1512.153624290576
1505.7168053128746
2087.0571720302455
1989.4280268848338
2062.430147219732
2505.3104993243355
2747.146954636355
2909.9813460322707
3122.940933134055
4035.9701564312027
3579.4897208519446
4476.293795937611
4399.1934351637965
4152.183129090217
5046.0093993546
5158.016918069087
5873.616718474038
5711.313168590986
6376.293742426819
6758.296689808941
7377.789776782963
7261.570850427999
7625.1197249249035
8303.708469412966
8473.723505056665
9065.42357890087
9221.121121702974
9866.69259747922
10178.008196630162
10573.825971281409
10648.12474418867
11390.827469550502
10854.575081322606
11214.738196441396
11843.862950435583
12190.103488157003
12413.840100019888
13057.984315129997
13442.6462717099
14206.753584745922
15005.82519815192
14921.85758153319
15336.101046669291
15776.034494971853
16376.03878965463
344.5275342085898
211.26962445382844
364.57453387173376
1090.8054931882866
930.436904375138
1035.1965644058516
1581.1917699595292
1160.9717164722167
1652.1374438721257
1656.3287529897204
2100.3825111658516
2345.0351271899785
2298.5866671201743
2646.284489786657
3240.771685533506
3704.0030502389936
3244.8500660626505
3563.85687540362
3818.3038190644834
4466.709843156798
5288.141649662051
5134.506745641093
5844.492081159078
6314.985494230852
6494.286382297496
7008.720177900641
7179.428100333995
7981.9672163047535
8721.503273426342
9070.894482448499
9823.107026021946
9517.049043713441
10050.46382862726
9819.271491141933
10573.224722765577
11130.101690769729
11120.40564414575
11393.97646638143
12112.482645466971
12055.670231546566
12740.356118896872
13160.968118720833
12825.90470668512
13619.261006979876
14277.130027701878
14155.167307390038
14688.857057579993
14861.307698453835
15324.040728262822
15783.936263314143
94.95362244973349
-185.12540797105837
766.956492027398
849.950753806438
1424.980719553476
1376.7009422603803
1840.5813171733578
1596.0537579790912
1351.3450728885873
2046.6376397251254
2356.459459562467
2932.9351097750864
2348.734832646086
3065.0407756085974
3129.2650510619187
3976.939249450174
3865.2359392231633
4600.2614179525835
4106.494692237325
4885.883310247902
4965.09390310197
5300.584099258484
5559.187889112664
6499.307382776666
5952.91560989114
6886.656533053968
7608.083773848959
8038.260064784875
8671.839611325415
8664.103739016851
8908.793730483556
9224.872013054748
9677.359261235839
9963.775044852471
10543.768889861502
10519.88051828916
11189.636216256731
10980.238949597504
11683.9742805754
12073.333681804126
12633.928254737282
13136.609414557253
13521.434759550355
14158.255737204296
13676.384300106973
14420.15564478601
15181.284270918391
15367.121226675137
15603.831363134694
15881.274442719747
19954.58659078831
20226.4282894284
20592.646760179254
21013.559358521128
21588.671994581455
21207.376108968936
21641.44179408245
22077.14681923994
21901.706618808883
22257.471664145854
22729.38656857757
22614.983409721208
23312.61397156749
23512.847864070278
24073.277154526822
24230.49210361463
24744.376187847054
24569.988926668342
24964.54657460594
25380.406061620815
25484.965983619244
25704.050581946627
26382.38761004558
26307.118949412306
26926.12090102906
27060.839122083125
27205.852921774702
27797.994300520084
27789.217284566872
28710.808418335037
28593.091126203755
29374.41828652141
29906.1264902729
30083.22106907463
30823.995852546184
30120.510533994813
30941.985998686374
31649.108837157626
31438.06215021822
32432.2208030981
31953.409408703767
32461.65379573345
32866.06383037475
33288.598298569406
33760.330963251734
34211.7085829728
34566.279465819774
35481.93814780806
35292.304693090504
36015.2568369427
20083.570246966523
19848.372511874586
20640.991979537936
21002.1317177102
21117.771115806052
21452.530620296504
21542.78707854345
21962.364963320582
22096.452843613515
22147.500851118937
22330.625769019585
22863.797987972604
22936.784562273046
23704.660638084802
23744.102558518396
23745.668663191867
24760.475054127804
24255.955099531893
25546.931491991814
25580.47725033254
26307.85466838816
25961.540926872403
26467.08953794556
27285.93317699284
27203.90622749405
27228.464133401892
28162.86095317646
27968.090576580744
28044.449873094876
28674.058128808756
28849.983862073124
28824.535905258475
29409.261748979487
29498.444648004806
29722.375236373282
30108.21916740584
30627.4167475883
30767.135656698156
31608.177440080646
32471.64425070741
32550.1275037836
32886.18020399002
33273.34324540589
33504.06254758831
33933.48626732455
34245.73417489786
34503.7182128587
34702.855760501545
35240.596890208966
35365.00081754268
19732.255371136718
19954.80522115085
20240.850772042068
20576.567457079003
20210.880597942734
20628.490273094347
20703.707389563337
21135.092447921947
21740.970479044983
22367.160936552373
22697.848080692776
23008.889249345568
23062.66815473651
23334.609864419646
23565.174677730396
23710.905465283107
24159.67131572339
24847.05349961648
24990.461595981615
25526.495804938775
25665.088063597137
25927.07346465366
26406.362611238328
26871.593804200158
27444.384121428113
27033.842580119643
27697.707249331794
28084.506131902526
28275.716790986648
28619.576582629306
28717.24591807612
29077.55274547047
29328.737535257154
29619.947734977926
29999.04156321153
30766.18862949584
30726.26051057327
31550.321665948315
31570.679831006204
32146.762374453454
32280.25257459912
33179.99565678187
33434.034640096594
32952.26984814755
33720.59272620251
34226.65938226922
33968.399048225496
35140.371126805796
35270.6424931234
35968.0779533469
19828.475136985948
20104.41910666914
20544.914947544665
20760.361041408847
21221.47868880407
21003.058417817512
21306.68551997762
21608.551689747328
21827.730693827336
22523.969930218
22049.150788228133
22270.4475447415
23077.007538704736
22686.124637070247
23594.30091097344
23894.331357309304
24438.665336434715
24678.697094000276
24884.201342258257
25255.92678742449
25685.85420093471
25972.24591479568
26333.116997933626
26600.321394051374
26309.838640837457
26989.92800894408
27474.62396778028
27546.986862502294
27977.43904936307
27991.708064651706
28351.521510307146
29102.16680675786
29806.735368596266
29727.79558118016
30550.675347812154
30533.21720635479
30339.190473226467
31342.802909155307
31448.511830458552
32180.226257920716
31747.711427098377
32430.067329072655
32533.18992723646
32990.542904985174
33350.40891075089
33643.48765674599
34633.64816106502
34450.02835752859
34262.03887025866
35134.37499455496
20058.75829152348
19964.564808642353
19893.00657120328
20546.298546809285
20706.224047516545
20657.803512539103
21226.025151561316
20994.07873271127
21668.79211511821
21899.870416361682
22786.97366980043
22434.69116540506
22527.280586506302
23501.13394258379
23259.565857197795
23397.303461918134
24068.51467519486
24135.239355720874
24513.9159635339
24851.00207163542
24970.273539399575
25507.347978375114
25407.026108625767
26260.97615585047
27039.796013464293
27023.989411594626
28157.443180864226
27771.71008826609
28398.61221274479
28795.576461963603
29130.114762289464
29070.869183672785
29880.9214330708
29773.018732943412
30480.94946491989
30700.42941584064
31374.842669517235
31700.608644916945
32210.846785413916
32271.96681014764
32845.511036399344
32332.325683492047
32724.892910355615
33680.91160737997
33144.906598422036
33828.791996318105
34271.67062832437
34461.45738841669
34836.06142409185
35121.81767870092
19722.08344587611
19744.98639408726
19653.97530125369
20537.285288430223
21216.808859847108
20350.417525197237
20926.81311592607
21561.98543231631
21809.615095741767
22248.201166788655
21991.023271397647
22429.08048024511
22996.14891017295
23128.928615163724
23734.30652511069
23515.21794428117
23722.94526868626
24710.8520758086
24422.2234378309
25245.190664848054
26008.360010704742
26094.38082213057
26890.19975964542
27031.94500351334
27593.59242900389
27873.51309029849
28122.949228657766
27919.77484224013
28632.113840403705
28903.856995493068
29409.041581019053
29664.31879214285
29799.83119271646
30364.12322260847
30122.44388622301
30712.781631552123
30548.590697392654
31303.45446131895
30991.425843704572
31497.042326692055
31845.713751008436
32332.14678109636
33124.77814546161
33453.180522573864
33617.17229486804
34144.06139849492
34487.70985835072
35016.17445014013
35150.232197485944
35532.33656284235
19928.172257353322
19965.316442475858
19927.876538257202
20670.49521442842
20395.16544237948
21465.71484470973
20747.63886884435
22152.559953523763
21360.77505901866
21297.630211999563
22093.946228733716
22770.31309322238
22717.697434425972
23166.026890668443
23585.824985910094
24313.22240190624
25090.25164954776
23941.855377962733
25258.040130427245
25967.325744731585
25881.84885281538
26749.801434987254
26505.61328108204
27381.257869565816
26689.004843029423
27346.656397275474
26903.60617984523
27584.86799179617
28260.527407644626
29102.469559034747
29168.42526709772
29836.305499317055
29967.519849457785
30494.245208142667
30313.419702763793
30692.090620187875
31166.217429516255
31154.271378434365
31373.487783027995
31919.790686023203
32424.39414190592
32621.07580080333
33050.32046261249
33262.426873910335
34043.634685661964
34070.35690243098
34829.89384971376
35118.57223576013
34977.918586505504
35578.501944429685
19897.669099139195
19659.741420159888
20735.64544873953
20436.425290217892
20972.43763849223
21122.01460922327
21588.281120063915
21610.545230252847
21647.07313198399
22243.190411614054
22261.95723145734
23084.144155176113
22871.24867540873
23428.366396384714
23818.71005312473
24381.50634703299
24542.190654036858
24962.149329966815
25536.916302264544
25683.313710462116
26358.219902342295
26571.00268578651
26570.894201266034
27143.865396805828
28305.267483313713
27366.540554116276
28627.699781194315
28182.636366436484
29247.741148518595
29051.36404092754
29438.038961380218
29861.834147126378
30226.61488773718
30522.710006533263
30892.47787699454
31108.462970583787
31470.555961947834
31421.23144568283
31855.43099477596
31802.61174828472
31908.01856296599
32345.82996334231
32697.674547065108
33601.05460197263
33704.00142189156
34442.159617230835
34433.32835439332
35334.7864184185
34958.63419528426
35656.474571073275
20038.333353921334
19949.881694447206
19837.491591032896
20660.872757400524
21115.828680326416
20776.772113059757
21339.37317031262
21662.973427080375
22104.72492612301
22049.356925741806
22692.837068612098
22902.822149230502
23445.775071673812
24073.97751467936
23846.24743710536
24546.232843308804
24686.901334284674
25267.23627237812
25286.48652244208
25914.19562459408
26122.34215154609
26626.794242896027
26804.1310404266
27175.34410413201
27566.580534475106
27894.923826766222
27760.615559821174
28522.20816575076
29265.688147354398
29524.59179049547
30106.68059852947
30510.132590453264
30744.27082886124
30127.722768053693
30947.00663048443
30801.25753398035
31013.92029345691
31363.132558221645
31821.779935849438
32643.582213329275
32333.048928018874
33037.08943691965
33132.69460661342
33640.00866292561
33466.662304091355
33740.26324778039
34301.73105348514
34544.70606445874
35267.5325252181
35671.36221459004
19928.805325423808
19866.091798726407
20099.94762288959
20589.022099206344
20649.822060486877
21279.969332211454
21387.71288920405
22197.720675617304
22055.61136417505
22607.089460439765
22912.492973622764
23039.16617412773
23097.220768129475
23607.2766950052
24117.64281800325
24198.146047580893
24399.964824004936
24681.112536745564
25349.850275581593
26019.277148562374
25978.820066584605
26850.328366972575
27332.74791287106
26728.852669955624
27438.055835288167
27941.37770110389
28306.25589622681
28744.1900368989
28497.75319914228
29159.91074775866
29953.28786206926
30060.698690056553
30411.717372556952
31321.2408436451
30933.626551243156
31716.336661669364
31656.02143881109
32372.558834434425
32154.054010892494
32936.29976983581
32721.668293940074
33213.954805786205
33635.156065337025
33184.84279473762
33996.88733651439
34480.2095772989
34396.71085584923
34605.2206851785
35512.4670080649
35323.831473656144
19573.247503672428
19957.691979183448
20073.26753318261
20591.696406854622
20558.95347744886
21347.35523715866
21178.558290504072
22028.40524259134
22182.339889275438
22471.765897189514
22696.491561255396
23394.622244077764
23244.945368824112
23599.37159733252
24016.737494398396
23850.092953725823
24813.75575262626
25144.386195472438
24787.287707655418
26124.55624075428
25528.97222010419
25935.53869555979
26197.444802321115
26605.919391650743
27145.68874319333
27020.702084316305
27966.165541198985
27775.472385465302
28783.119845098583
29474.574362145642
28976.865602963066
29663.49937747985
29813.127775841473
30542.618737831384
30283.90859225721
30971.034450990723
31625.976651546425
32217.417176667906
32348.077035327224
32931.14349516775
32677.164323992445
33318.179189060684
32678.85282713858
33680.16106278416
34283.95788009188
33239.388496694126
34728.68811889157
35023.72924481334
35526.9629269626
34912.46199564226
20041.326077295067
20128.947792678908
20856.845754962713
20799.215413305257
20568.99211051039
21262.809206356396
21503.80508722766
21609.320131763892
21951.672336596162
22283.828312637328
22743.659222206395
23036.929471676554
23115.852920469075
23566.301238949483
23646.223728017056
24438.84203330976
23994.421345517607
24862.039509235095
24421.89523120474
25216.877295031467
25146.797350611963
26053.079115333545
25707.24537405842
26831.89253860421
26974.64828677724
27399.548350817928
27812.739305364277
28244.046513390167
28144.688662190827
28659.3293037358
28677.541140014728
29464.21342644051
30523.837557916246
29538.043012784212
30134.355175926095
30907.62523357562
31474.727439958813
31659.0591043145
31626.28065635168
32171.9862175011
32045.86146851212
32312.424638095727
33019.582706725705
32762.55212982883
33424.42483108437
34063.41736340805
34955.05982214158
34608.12389519987
35293.46703841293
35576.31920608002
19872.240009879737
19944.443747474317
20061.878401234837
20674.905038058423
20473.362036923307
21170.96894090836
21722.330629696316
21469.23025232852
21979.00054765619
22436.478382993104
21416.22529508347
21883.01775487973
22654.73550178073
22762.309706821332
22896.93360066577
23476.20161190771
23356.171943805024
24194.73179876715
23691.837186836823
24348.49621830478
25032.112249174832
25727.953723669154
26418.45178647073
26181.889699445455
26614.843397272783
27228.531910561345
26851.170500508117
27570.75862901326
28060.270392684797
28348.873709818632
29045.131830964638
29134.6106925262
30161.94515631017
30091.635799513017
30748.278555289915
30980.89119890668
31456.667827962763
30960.0127427309
31494.48805875884
32202.7495118537
32041.305711610723
33078.33220097754
33795.267429050815
33815.399651383326
34043.09448042904
33945.41355783794
34604.81502968352
34860.12072299258
35573.91084347862
35246.831043048805
19695.569529259843
20488.343537381
19976.289899743308
20166.387714103086
20702.36167325985
20769.371672579186
20575.660370640566
20929.881867270688
21280.113731777656
21132.4794477978
21665.084386616814
21907.977492154685
22432.67473322548
23088.679435163758
22737.675011820036
23639.784204404546
23610.42783872409
24454.79699340731
24189.43989258739
24994.880212676726
25435.50718451993
25809.579616832354
26011.54808538867
26378.588697412437
27219.835775170865
26841.671186850035
27823.622943740433
28007.456560920484
28539.131338006788
28293.95130199955
28913.750961046822
29258.72479648179
29781.421986033107
29903.910279025567
30123.5465380424
30574.42699437536
30490.412810799535
31081.82446309129
31236.9783024657
31839.937954773213
32154.390528668424
32707.162459154893
32940.10028476237
33393.57563184326
33737.457572701125
34068.96823145535
34739.24632324749
35005.99496765349
34970.51141823739
35519.352773438164
19924.504838561577
19899.891430487532
20320.60488602402
21258.626612635646
20228.719016622177
21149.25966135338
22104.66781978148
21113.97890408757
21888.310314330254
22660.784124171667
22414.751484198554
23134.386729353886
22862.794065455622
23881.66793054237
23530.933305005772
24192.365763273
24428.560499296542
24304.49350534389
24742.44382397264
24899.177023159627
25076.74209121245
25397.116497654373
25619.39613258235
26489.302823995906
26166.355655570766
26965.82613222144
27565.242908433764
27460.145705803603
27779.424158410984
28314.63310557154
28144.146504481672
28267.78649998016
28856.419007792327
29061.561253242
29746.42498040216
29918.56367438786
30825.586242599493
30619.080272105504
31650.46579577904
31661.048910107675
32507.053492982937
32521.362986117274
33024.287113009
33370.833355813236
33197.42089190611
33798.388270696254
34439.409763975666
34830.65960040434
35380.76807919318
35831.15866521602
19880.128664365664
19942.893013661913
20356.8778735946
20594.684591214827
20581.904503420614
21362.54916558169
20669.18466233371
22134.18390368104
21948.14172015291
22655.651856294528
22897.736459397114
23383.290076251214
22819.247219728342
23033.910091823833
23542.202787989405
23570.347641128268
24524.26713294578
24300.58804373975
25324.981917674893
24940.875991805147
25602.352040517137
25605.996041232203
26231.306707752425
26539.4079106693
27256.28543873356
26989.455302272156
27265.05126195244
27811.121384387152
28324.472794609996
27699.907316010525
28622.45689441237
29343.298343210932
29370.3014493116
29048.731038711274
29527.773152611044
30379.27674060944
30134.520331770906
30934.85311282007
31319.96710007885
31288.350064553684
31955.078493119065
32186.688378710198
32793.44995818925
33403.013473219165
33640.43186716781
34519.10074350205
34355.158572672095
34368.5372146086
35130.89456027268
35474.01003641626
19872.504367991718
20187.871101477704
20545.466727330713
20769.05246474478
21132.69398547377
21145.079739168163
21315.69643515734
21983.449612225333
22514.053992301193
22018.315053306625
22803.02853296364
22937.768765499677
23732.69076615559
23481.993478716053
23487.981346613375
24244.23021767531
24823.446920873113
25302.11449920732
25792.124666118914
26090.97605316329
26360.331314428608
26389.36351393021
26567.066230781238
26592.231099843124
27163.927705411385
27413.712596855185
27986.85799509834
28283.496383063604
28839.861596677063
28401.43581162432
29743.28605687784
29168.698093914525
30120.22881543063
29937.825841441976
30579.730054204207
30986.902272649408
30631.4270819011
31183.955957188264
31699.32655763461
31376.15207935022
31821.139111097604
32598.477933452254
32197.59100368518
33482.02340393786
33198.0052130396
33979.93071475729
34248.35675534814
34767.01418227806
35054.67125639626
35279.86348819648
20296.24304122344
19830.95623147938
20118.902383255034
20662.006027304917
21206.886662985802
20882.96334660237
21563.379256657197
21337.436557162437
22039.375113421083
22188.987469735468
22702.326602665795
22639.016413771176
23355.30169919097
24182.61925183946
24247.046672373257
24419.939480974306
24971.959098622134
25631.60804376954
24787.94419776179
25336.254859820707
25840.760775283718
25983.310200215943
26697.870276156405
26698.47891776075
27120.064544276516
27528.488891234425
27469.460401932418
28234.48535895117
27907.75350121377
28994.594995591942
28815.897680079786
29808.957535056696
29176.785197014247
30021.10511281158
30745.690335358042
30768.088410903132
31107.328267541197
31519.98258838831
31273.59582747887
31594.6459492478
31935.905228316136
32892.076713707815
32587.444754215772
33513.21525766025
33420.63851292302
34209.44433775979
33655.070771507875
33836.97204092734
34669.06201716191
35005.82077166424
19971.360410196223
20072.430341635092
20196.177962494443
21064.93167108808
20798.956833170298
21549.32497579376
21273.85594749652
22052.8732252477
21902.66118860725
22102.331012958533
23066.038706485306
22808.75860132712
23698.298387921543
23563.876515955824
24077.785084551633
24432.55332628582
24141.560986118813
24613.427637166194
24899.33379981244
25197.884083343797
25304.665996693628
25310.25422854004
26134.504318163876
26574.01292998727
26629.350974508226
27294.62382680783
28075.986236602203
28080.935925636983
28552.938611915895
28556.0619960423
29067.899171592304
29196.663504406424
29032.38247933076
29244.341191861684
29792.776904323087
30561.752106458785
30542.66784078588
31184.981999721967
31292.09454659503
31997.084244497368
31917.837500798232
32637.537196264544
32783.80927999186
33373.29746467671
33046.22092591411
33451.80851354471
34043.8143489315
34208.85190481552
34242.786265667666
34763.981739254436
19730.430372180326
20264.81987995485
20276.963344498217
21066.356759112055
20700.72507723018
21408.821343132247
21605.632491725923
22094.410295035173
22858.652463136314
22768.408493114042
23498.57995468157
22985.376354462194
23456.79797834432
24159.38010574355
23688.338146779603
24047.32038546391
23982.51168918233
24197.335982171593
24805.316082346435
25347.471997420897
25857.206183045684
25864.4395149012
26221.909844374215
27109.283172090873
27220.11358068148
26968.55430083413
27705.912644138538
28600.44501129509
28321.85681161719
28772.812042976468
29095.55516998696
29307.346930193835
30047.22417622527
29780.08797119244
30831.02205282419
29951.48805009169
30523.68905909575
30833.097068324736
31342.070009857754
32090.22879256303
31942.271286802235
32456.07620568262
32343.95579640862
33293.22140400786
33091.443563668465
33632.979166165176
34048.25632844788
34103.34612590174
34659.320036785866
34779.48730724494
19798.58399683177
19738.29734204794
20580.910992614798
20502.142056775632
21059.54547876813
21669.123600241295
22193.18091387165
22143.125262836813
22646.807084607914
22834.83147734242
23056.451521160634
23440.035055191667
23948.305125320043
23600.25404600157
24201.19280692499
25102.46798359279
24849.79175642233
24635.74702251661
25301.644241080456
26085.172797445262
25535.93745269579
26834.532160886032
26844.58535515785
26232.468964661155
26849.436813599652
27644.203241371997
27752.778567774276
27495.213706743853
28163.50240196632
28312.84542047324
28220.196652501705
29330.509806762213
29573.198165649694
30359.58457165306
30318.39677660178
30472.494172553434
31115.36587888332
31183.782643159575
31084.9646754724
31264.847687212834
31718.836700910884
31966.971971413488
32619.754127749497
33002.464565336835
33902.22375862094
34289.42918284038
33958.260196809264
34784.32572156916
34693.96083292633
35123.47047246508
20005.261992892538
20171.10643633021
20355.247264248137
21005.45019363211
21214.5955737293
20913.909129473457
21828.22194344436
21534.452612666213
22121.305179537776
22602.57190964239
23007.344032041357
23541.064439329955
23880.026154350522
24406.66381289613
24868.56054482032
24440.36310465408
25223.094380350776
25723.01211890223
26076.261675174243
26049.985013203972
26162.987776132657
26666.034523880022
26836.659074803745
27308.06935663873
27523.9022610097
27583.233985772764
27570.12501775088
28235.57724293336
28375.478079056138
29037.431376254543
28169.80387225306
28855.0363529511
29822.11287324565
29623.391126479237
30483.884736263713
30471.762529804568
31019.82383534073
31094.47129720258
31692.43877310536
31874.359614822897
31782.925533307494
32574.40380860625
32581.94304926208
33158.30322462908
33327.84256579624
33430.583334247865
34114.31281007373
33735.137408914976
34458.53553111867
34857.57345388277
20132.658561063
20178.788289827236
20945.02818134646
20893.404843366807
20879.067024475044
21457.255567196185
21677.824043652392
22223.307595600196
22426.05717655166
22496.435230303512
23076.676663421073
23273.376419168366
23950.47088413948
24187.42808367308
24737.431149592707
24671.711235506333
25438.311896234565
25503.035581052387
26273.875925472767
26030.23921812242
26662.68208964119
26311.570534502804
27056.708004376283
27594.07151127006
27706.074491943553
27801.246804121776
28402.88281610383
27983.60551826665
28545.24486486159
29071.281814895832
29310.275486793405
29120.335848104587
29397.024192073943
29917.443873459153
29984.36589872468
30616.680950525482
30804.301308519152
31333.387584210486
31630.163001808553
32058.090153614772
32562.88649307013
32327.86884475164
33277.977786515185
33207.74962695608
32927.33070572297
33260.61776776209
33526.23011770268
33734.03395527317
34178.309668635586
34493.32402546759
20012.17569438791
19835.062851069008
20105.069447028654
20846.623717699735
21630.96570403297
21214.672007285386
21680.62124178131
22079.010959067862
22183.230679746688
22562.970689139143
22853.490763179117
23250.701791637108
22759.06098123438
23477.3727677768
23531.36288329638
24522.047043568684
24971.274977773915
23998.513009360187
24600.634003629737
25398.125149638247
26346.42461858283
26206.503035084068
27018.918117750276
27095.991861981398
27715.49980931729
27677.812496897037
28049.09242128641
28519.05829160588
28867.417085189576
28788.905075182494
29409.86963552717
29720.84037693056
29570.30695414722
30441.766528229185
30413.131440510773
31322.9510746666
31046.594549074973
31360.342627787242
31874.36117120344
31891.2013778458
32105.09293953264
32740.680795443994
32884.53321286666
33476.04396812661
33845.13595429883
33505.70393870406
34089.068364738385
34282.58386976962
34815.51645811029
35091.98700084972
19793.778454633255
20034.04285813554
19912.81373274116
20691.94232344813
21414.75698016002
20518.056071533367
21709.145428580334
22262.742644185993
21985.845330947403
22613.45630324351
22782.05863433973
23243.748271249533
24169.223956474634
23963.275394351018
24198.82015828729
24653.520754600235
25170.579575713255
24713.381546174263
25438.98766357125
26049.727199900713
25643.615561273094
26145.299358932672
26879.004257071843
27142.27933186928
26726.245602199473
28110.310682371342
28168.63048531358
27989.20400116205
27420.20390082833
29067.991358441064
28609.92799385669
29514.742203647715
30156.780907582754
30485.678650684644
30271.329979160055
30716.59847502109
30873.41825482736
31233.10385691427
31365.30445615668
32005.836342589493
32378.321605417936
32792.601703155946
33149.37959861362
33292.22772913144
34217.170019133
33547.52277363086
33987.49855496177
34895.96654103814
34662.898501397634
35113.157021209314
20011.421705435645
19812.410398984695
19664.428068677866
20776.66495681652
21524.380228757556
21280.074698245364
21901.71238605069
22221.85791379754
22461.666035344533
22817.563152339244
22899.14576116327
23417.283180101313
23250.528745769774
23676.23215084991
24028.324770415722
24387.21864752341
24808.390281760945
25025.82870351823
25415.59979242639
25747.872222603983
25568.94831002423
26170.080114246644
26766.890282475655
26572.459305526874
26815.98986829753
27606.680166269864
27675.57644356625
28773.30919722432
29345.851417846134
29427.569994188856
30023.490596140608
29347.932875900926
29662.53148268555
30084.10321606687
30128.158889967177
30082.244274390192
30619.966691994334
30602.27477248278
31325.358688275348
31901.55263355649
32254.589037345406
32726.250482369025
33103.91811682758
33178.871043395135
34033.69745290352
33894.79971850474
34489.43858768128
34137.976892059
34950.46018162186
34803.611423739145
20357.13462967833
19968.635029939298
20400.051665546616
20653.507598769385
20916.36918640158
21166.494735393364
21416.310338317173
21316.126348174876
22033.610855544637
23018.255828081525
22810.20687867737
23534.832606783046
23642.46642048947
23992.44838870252
24042.220596557974
24565.86429853134
24831.851648882912
25424.14926212115
25815.96458691091
26114.928063996358
26011.065776562824
26296.634104135595
26621.67859272652
26775.226882561787
27053.433685757656
27529.130866480198
27550.59849351258
28246.923360720873
28417.347394417193
28592.11852747276
29073.292163258462
28443.096505604914
29305.061571713773
29274.052288246618
30143.600704300632
29865.012090516077
30516.98724094414
31181.549747564604
31002.427596335718
32017.48220589266
31189.576474618756
31959.45036575978
32810.33357490857
33286.76531449899
33398.70855704095
33616.48796335913
33640.456226882096
34481.77828131897
35223.88574616695
34209.44103836722
20082.686659290186
20117.650529270777
19849.764084208622
20813.351341175225
20547.162326989303
20511.634955814094
20890.29062121605
21242.653897939028
21802.244190546877
22691.354437900565
22122.69598020907
22617.492997475205
23476.72611949795
23445.216618310584
24320.454053445326
24047.027702999883
24086.664977323533
24350.107704626538
24667.345252482723
25379.766684346396
25131.067435281035
26121.80810341527
26373.838169508486
26762.985682343915
27277.39631523547
27164.512468788063
27795.896156782193
27774.031397447
28316.295894080242
28401.57846845184
28853.095860744055
28850.699509884478
29670.56153527554
29213.756923032633
29733.785239813144
30352.392367971275
30737.01831155985
31050.263368460437
31606.253190069
31798.55855251232
32188.306670460643
32326.067864794
32509.095619524574
32766.99182682704
33112.38945162145
33133.28996239434
33838.54964740136
33951.30809335563
34674.4452346208
34886.8734500284
19660.88086827802
19511.347492983215
19799.142498273366
20451.718287750413
21056.316417398342
21489.864070865573
21616.05272606013
21108.60461627527
21732.259282831736
22035.88612839945
22114.08157254311
22537.658541756136
22858.909627031866
23162.98849534323
23718.72551341848
23346.81934102811
23845.058785824585
24372.7410306063
24965.01593560539
24914.70538817058
25750.281667010313
25739.112215504847
25953.352888000918
26358.265459807135
26530.484224596417
27314.7306860565
27215.438491509893
27826.49166479998
28376.072860378117
28621.955583423354
28995.003595194623
28935.72130659424
29398.16275427009
29710.37816650889
30405.972151327464
30563.13193147811
30333.09009792919
31354.93233215825
31201.948349519724
31888.399756380728
32140.86972344671
32631.223428592457
32910.07791564965
32712.969949212806
33267.8218678652
33595.32224252893
34055.34057366635
34213.842974683954
34946.89863600232
34592.14039913633
20045.374288921703
19910.398900692915
20459.37500530142
20750.307666791454
20938.65815889937
21458.15227931055
21497.209329217163
22067.1488236847
22146.05727910066
22640.492472632286
22215.240228757943
22800.63668749037
23328.049341242266
22868.893024241246
23523.696970789373
23690.717890626
23964.0420507989
24272.269614589706
24531.443247548003
24981.9695091471
25375.506822831347
25373.16725087244
25313.39111205882
25930.734327758677
26691.7625233149
26543.22384394778
26959.980032004754
27530.88367598514
27285.23603723469
27735.270544678682
28118.96690184984
28368.18441227974
29110.92117838437
29046.39099916067
29776.000917365942
29934.73838986367
30470.70928318405
30226.391998617404
30735.652519583567
31579.409683265338
32684.996772284285
32578.972337523213
33412.02599110485
33363.8301730412
34077.979551514436
34019.949027319904
34823.953039844666
34238.59003839253
34737.469551200564
34743.88179172095
19888.87775338156
19945.84553571115
20459.061018572975
20429.8752974229
20583.06575991037
20871.954633416804
21103.006510451538
21534.428525309577
21845.507304705356
22290.57421399956
22192.61101128765
22830.14995168656
22539.351859862778
23299.341738801013
23332.665889348867
24263.617175378975
24772.702097035326
24794.703271747014
25156.6837410731
25386.854580350442
25511.99964316588
25876.70699021585
25742.20941405952
26289.109716767947
26290.979105946753
26948.83142461766
26534.348554277352
27115.125998277388
27414.85414009899
27883.34676474213
27720.038635935314
28569.09173982583
28810.130354757544
29506.9490401836
29454.29076506826
30190.369658297626
30000.0351006818
31245.963472035604
30705.758567541558
31509.916103299187
32304.249024202298
31735.525626348564
32667.219653647517
33265.08061411721
34265.522680161695
33800.07441163357
34520.50937342635
34878.66597663002
35127.37881481966
35441.360137881944
19844.415989902285
20008.88148772837
19892.427284337737
20691.686607861404
20520.48042226282
21182.764150947663
21424.426083053433
21553.142314248547
21480.36649910323
21868.95456151432
22393.603159870625
22367.666735293347
22990.021284401602
22963.557895477683
23414.230124001973
23832.365129570448
23902.05592400311
24637.347961571526
25356.78093873903
24599.09147012835
25454.238881846904
26110.77690446304
26344.944402386584
26683.815709428363
26919.88908566537
27232.20183969507
27735.41441775948
27973.431432028807
28497.849827538044
28712.382674230073
28160.604351018108
28991.660356089502
29543.8992172527
29095.29044372068
29735.05262124753
29885.939615072268
30753.177474815042
30657.6741594708
31060.663886432136
31309.286949948782
31807.147626110742
32339.67854979667
32604.14092750674
33480.50334978542
33111.88748352525
33853.539004710896
34314.46974813612
34773.47907609538
35088.30433123964
35721.37751079032
19819.11127233136
19747.751786006927
20088.0503253446
20781.784028985337
20466.689730873037
21291.728847545288
21382.829099142367
21999.87291249151
22024.878843535807
21947.76478539788
22398.897684734544
23050.76920609118
22881.81335297088
23738.88149498058
24415.540837906818
24103.286430656757
24496.670105893227
25132.309867298194
24705.64422028172
25280.55608607422
26070.433831531358
25862.416507651025
26576.468570632725
26824.176888035654
26670.511576177643
27229.99064128335
27284.914911102842
27457.73315231768
27397.61734415683
27965.06953162678
28189.52570850319
29113.476662634443
30462.607215815548
29579.352040084083
30094.587775423573
31370.907688637093
30290.818139593437
30933.71896851238
31475.433710594672
31558.116950553587
32058.78478351065
32341.19575796446
32787.52758058306
33693.30331335294
33527.31164758026
33505.31210854385
34173.21687555793
34351.47518715493
34867.79860133482
34830.20938578142
20061.344608035262
20239.952365570338
20612.712996520884
21024.469124306375
20909.695002392753
20687.159179394996
21580.496008389942
21381.62782755461
22420.567411123655
22198.27092742728
22064.839090420155
22652.75397389777
22758.18093069299
22966.608616867914
23602.662085976783
24369.118888759735
24262.154410724168
25040.00245962571
25275.8859679459
24923.144040201874
25720.756161793084
25927.634590419497
26653.19418915273
27257.775795598405
26651.85315419974
27517.461558753585
27998.148470900043
27889.14497408773
28250.814141870702
28418.16963766714
28790.6173457803
29020.524981297436
29806.159404609276
29793.553339861362
30489.797859417165
31239.165933741315
30698.697111519512
32038.12878646484
31463.064431593615
32149.253262759732
32088.985582595196
32821.34384961194
32927.62352027995
32837.63495085284
33773.41490799309
33612.9713594504
34106.69475394281
34744.00103981902
34401.34190770184
35240.50491659569
19941.097012449187
19914.971509812734
20291.131824226406
20694.659975170536
21600.907005981782
21158.928813759194
21217.916440459856
22013.4049709255
22697.646508133883
22894.258015696487
23355.75155140516
23401.391877081453
23396.44808568137
23843.91610005422
25171.45678320343
24740.38873717658
25039.108018478393
25644.60938680485
25857.280083093247
25963.57322097683
26594.20926421218
26551.169987618494
26967.134162606537
27144.99210470669
27567.87044326779
27406.387178423407
27698.517296656377
27972.06694336002
28122.56048018651
29082.780271824035
28984.5416873152
29718.722625934533
30083.70206118712
30603.610626926653
30073.140097373398
30978.636476205043
30909.182803282616
31641.745734009495
31702.1668933736
32399.185222169155
32648.32631406649
32488.804589130603
33402.349401929416
33305.33271088296
33835.609489643895
34278.97847095221
34012.56658839816
34641.33880946992
34684.414154655016
35495.490669395775
19881.550448963262
19718.91292970466
20358.88080451049
20605.94607394021
20539.280402390457
21178.175889389084
21257.78595339104
22044.85231624497
21823.18560298562
22593.330852687468
22566.969891590794
23247.66718050698
23368.740725564225
24075.295296515942
24454.3860095033
24266.054822448976
25161.838999492087
25093.019253253016
25363.998179874437
25683.77375500782
25709.38647617931
26210.647547170433
26406.810288788965
27057.650615992417
27045.108907366954
27665.908033118925
27879.169024051833
28514.67700011328
28508.66604903478
28342.02100146636
29170.579180064473
29412.305082875846
29232.240450897367
30212.34984512587
30060.04076450927
30950.78896013349
32347.505592144797
31660.122473394636
31860.075760594584
32614.34733839151
32835.468112054965
33389.88474469118
33312.93383461885
33258.30967526587
34210.46481620808
34082.650819149174
35050.074002944515
34864.01389359644
35443.12207571915
35555.82439609904
19843.612069052433
19725.033019096187
19981.758231982818
20579.574130440313
20783.546623247763
21107.53291566896
21431.306659617494
21436.751345605124
22122.563282043397
21750.132497313596
22286.32636247247
22957.918613532674
23009.98187853875
23653.211146259546
23827.04212910227
24504.334300510156
24666.552599669918
25355.209458085184
25118.977945580715
25791.753945707653
26032.04102535386
26485.054943806856
26890.81135926263
26823.798841827687
27229.86890300753
27874.270104430027
27989.77900440505
28578.56642856358
28859.009120512084
28732.71618410004
29220.7315695352
29948.63187979965
29581.326931221556
30456.051737083973
30669.242514716912
31168.82893642391
31259.931457808816
32055.79556118633
31326.851923059665
31814.88243746786
31757.165743188474
32468.34452824562
32867.8696032923
33204.500013672405
34024.7234181539
34965.831225571324
34953.937607994114
34511.2330304324
35101.88139800772
35939.36292443963
19996.315274993587
19904.096372026623
20274.939568367216
20360.894477530965
20938.61509537165
20658.525965210523
21109.61383837371
21606.26295777314
21819.136554754223
22351.80915013724
22645.913947780864
22514.926447486923
23454.704130219096
23309.010583837862
23581.133916277297
23965.486398194033
24519.874033902153
25235.43138425776
24721.800268068517
25230.48915047696
25990.20031740181
26616.984182908414
26960.58486651665
27538.355368087832
27782.653309516372
27818.116163273266
28325.358385284897
28480.27671771433
28517.134484281327
29141.443089021206
29244.944677491665
29914.92999254229
30129.913851045774
30707.601297860445
31036.02400209153
31320.487190114192
31571.46671788509
31089.938536387563
31994.343181326236
32288.132631989505
32694.834764579762
33132.86156754419
32382.60223386051
33025.896811773186
33708.281904918695
33828.515255775215
34413.163118840755
34336.59056857562
35255.98971515921
34968.69775186959
19784.897834309748
19853.569943094648
20019.23952857044
20437.269770147675
20566.3340029819
20774.285045252785
21073.35399082966
21464.38856877419
21933.689035995667
22044.90746734833
22381.71006563913
22717.95492358259
22886.866641330344
22986.33360955928
23065.074571325218
23591.660659599722
23580.815139076847
24251.69735984438
25132.05327857065
25700.67448374868
25916.462374582195
25965.09962342683
26439.89281789686
26825.28307600944
27091.22476169883
27373.312516696045
27779.32695774452
28150.09344984118
27858.080577563815
28888.719050765736
29253.05285760288
29917.945891417163
29936.28649527052
30661.99981747271
30547.874169997114
31212.22844444561
31949.218195335656
31356.041836101867
31983.140861372274
32595.99627665325
32705.07278020522
32797.68246126849
33460.20720139754
33687.68239403365
34333.19783657837
34316.13454569809
35033.61965553257
35021.06667208794
35750.303755945635
35854.00049335552
19661.623020248742
19958.63388554638
20448.073428241183
20396.153572896546
20664.38862220035
21133.531867003792
21336.92089736608
21699.058568172193
21872.362963166812
22128.118864500815
22291.931510689756
22618.961284336947
22807.274014876013
23388.561198060124
24053.414023888086
24225.22927288902
24782.80198266445
24315.70583126037
25020.046361439418
25218.873735878267
24799.06436449763
25404.245259959764
26105.659353020805
26095.041299732955
26712.241591806407
26680.341498891205
27399.93003701799
27734.494632607624
28106.85003875223
28345.848975551104
28958.50357234876
29046.584428072085
29870.08757461771
29837.705133077085
30526.10404655024
30509.29182977441
30831.58579139797
30925.78771151056
31535.523160517918
31780.54521368685
32286.452495317066
32712.288117154225
33461.582481517864
34122.083359184486
33655.1225365962
34346.38733931666
34786.41604303531
34922.34102767168
35177.79826584285
35581.47734179525
20041.297969628693
19996.199818858226
20003.895055454104
20520.93783196578
20884.237852963488
20661.79063422268
20975.088289729018
21556.699625347665
21506.15039677978
22231.010776511466
22434.066805081286
23029.877509803646
23422.032089485958
23321.32915384151
23607.396447846528
23802.20440716139
24243.118635453793
24349.980325506403
24398.734373586176
25262.461728485257
26040.27488394754
25800.703500945
26294.056278141237
26629.93012210329
26845.88092054772
27096.205913222177
27065.075682398863
27645.033660458743
27835.416416081487
28431.282308417136
28510.32721500433
29272.383121664483
29526.255556072487
30139.21098429312
29944.720287595035
30950.83601472054
30615.973870474583
31691.070546382434
31517.08151203721
32545.784856148144
32347.73569132988
33292.653546790796
32813.840767997484
33557.72815836689
34317.98254219681
34250.3447827989
35035.122655058934
35001.550110071345
35192.5181669962
35595.82475374369
20080.90799260593
20074.50673235796
20666.886794373637
20746.8660699466
20826.65643478194
21007.299710948657
21534.363593501184
21494.03730572344
21339.57499293878
21948.16798298819
22201.363624747522
22940.398370734172
22714.4496608548
23311.78357288535
23481.93353511912
24012.4617277277
24204.252319951585
24660.099908380733
25117.06081296215
25481.470663119435
25872.855938118082
26296.426026555542
26244.35967732974
26912.2043351381
27382.084308088204
27244.190891264785
27602.446700172986
27690.04311666949
28151.082283457614
29072.93273482212
29027.821445820555
30026.59966177897
29777.687636005234
30472.182466122897
30582.03216685496
31440.96688496552
31408.77315772762
32219.082889089765
31803.44052158563
32148.54096819149
32003.896000982466
33031.13332336986
32847.79977878957
33772.043234195786
33479.90536134768
33543.942379631735
34444.756209890664
34777.31714636928
35340.43072268128
34835.68968238168
20066.668059090436
20443.240323225415
21509.43167055074
21104.557634830253
20861.056711478668
21650.352250294618
22429.536851692057
22712.909887186906
22393.694247210315
23542.94373707971
23169.30863121048
23215.424538724023
23901.342590172535
24410.42059871515
24025.956169928126
24571.49041210002
25307.205999507452
25086.85501381524
24890.944678168522
25769.258591431826
25794.320150975524
26147.756564313793
26618.67853169758
26503.41917212286
26047.610461720946
27012.640482532737
27405.1115349818
27753.624265265145
28391.932939517952
28705.054450294727
29494.197320487685
29199.63764250345
29905.16916241291
30436.01573102303
30637.084319575544
30515.668477709103
31065.901788181953
31190.12270418685
31143.735010816865
31769.77626949546
32291.10333096965
32581.83487494373
32615.9446064362
32808.60247677798
33270.59861184815
33533.61697960298
34229.89439921869
34156.569843700316
34495.91608244786
35122.80065515252
20321.74333561597
21304.94673416564
21136.15430442393
21849.014611128103
21706.360850074638
22095.03492884949
22514.876006702652
22703.18542266362
23173.22589635813
23085.37371670077
23521.880702379058
23801.275798572577
23955.09132500872
24127.589409194457
24317.183720407775
24470.240752059133
24656.144195308625
25231.63605372303
25138.20553692383
26032.607675549065
26526.825754294787
26924.56525768601
26723.646985671632
27150.565018403977
26968.245467083405
27395.80665278266
28125.76451181258
27834.64747383831
28593.081122590876
29066.771059856244
29010.558133333398
29246.51232708172
29789.31779397196
29885.325416218915
30645.40928024839
31206.795738957906
30839.619694644643
31500.312108257713
31783.359749811658
31987.78675144612
31991.738829838432
32326.075354451015
33086.17617422973
32812.491101542815
33581.41560529029
33658.4297274595
33911.78404597852
34450.499034014254
34398.003554408184
34724.54418609001
20068.33999261523
20587.728729772185
20816.27956543978
21313.33334320707
20856.0019988518
21713.772777663846
21834.64539406296
22725.86360900013
22463.23639797111
22614.599152372917
23609.279273575718
23366.136267674083
24141.573306589493
24178.007098899852
24669.362114114407
24270.754623872446
24767.59048874002
25451.90451379456
25647.39431308184
25889.435449118584
26467.42670358598
26181.901393245225
26142.798243861747
26721.49352675358
27044.967303888214
27673.71795885986
27625.21271794718
28348.194836887236
27922.201461140725
28675.196795704007
29126.377564897433
29552.813231287306
29861.175765763837
29090.331007269717
29869.581245024143
30465.109127314725
31252.113487193958
30621.869313592062
31892.909909476773
32507.076203883473
32096.495444741908
32574.359890609398
32953.286585682115
33378.01108955451
33580.90497596366
34358.55317799655
34521.47270511059
35338.333865774766
35247.10529404881
35819.51249770507
19847.694899344635
19692.77366137044
19783.523203185046
20192.151041816076
20517.365146698274
21168.74851115376
21272.874227715987
21005.532675159244
21872.84569436756
21802.924886235298
22567.7675783472
22834.046212562476
23585.81622529363
23626.057443665144
24676.363267932706
24668.17441427543
24249.09786604158
24490.503240066075
25260.568147190497
25164.543110865627
25179.126492981326
25900.037932470557
26125.296468776993
26828.17768793227
27182.56605718058
27557.879485294037
27754.77248335349
28413.218580321256
28159.10374094673
28489.4200396065
28944.227902404524
28985.91538572536
29459.89798443173
29579.79877064823
30132.920045675353
30276.26302241975
30779.053588328698
31083.4775526128
31729.470047401046
31888.199573270984
32623.15121674646
32546.486393259198
33270.438439294325
33619.27148749567
33238.37171034348
33810.34447773674
34312.19758405664
34107.69935488216
34561.443514102815
34989.91392332256
20310.150138861783
19734.281540456577
19707.878124718445
20307.75153785668
20468.965150724027
21077.09386583409
21382.749961041653
21676.79597635239
22256.05779050767
21885.92155238324
22438.20867254973
22742.78486483901
23291.68666256692
23103.759991746083
23578.510491588804
23967.986036868228
24198.91506332676
24722.775215286067
24820.77498790121
25639.569414649945
25640.393607549195
26516.79705838654
26571.046696295987
27200.891185955632
26882.69088089025
27285.813263215645
27760.141218442706
28218.538233832616
28143.58277361567
28522.09611106595
29280.936787935207
30076.832596851382
29611.06418984694
30069.39097033431
29714.600939840715
30678.627812733932
30759.055840676643
31416.89555197781
31521.88685732274
31749.425049876674
32296.65651606054
32854.54486224966
32968.068162129915
32500.192788688957
32918.67750933324
34084.538657548896
34841.49564315191
35278.12946780503
35374.80559166477
35851.55744821699
19781.994209440192
19921.982209884543
20353.275359948824
20822.512549684394
20964.54286698614
21512.153624290575
21505.716805312873
22087.057172030247
21989.428026884834
22062.430147219733
22505.310499324336
22747.146954636355
22909.98134603227
23122.940933134054
24035.9701564312
23579.489720851943
24476.29379593761
24399.193435163797
24152.18312909022
25046.0093993546
25158.016918069086
25873.616718474037
25711.313168590987
26376.29374242682
26758.29668980894
27377.789776782964
27261.570850427997
27625.1197249249
28303.708469412966
28473.723505056667
29065.42357890087
29221.121121702974
29866.692597479218
30178.008196630162
30573.82597128141
30648.12474418867
31390.827469550502
30854.575081322604
31214.738196441394
31843.862950435585
32190.103488157
32413.840100019886
33057.98431513
33442.6462717099
34206.75358474592
35005.82519815192
34921.857581533186
35336.10104666929
35776.03449497186
36376.03878965463
20344.52753420859
20211.269624453827
20364.574533871735
21090.805493188287
20930.43690437514
21035.19656440585
21581.19176995953
21160.971716472217
21652.137443872125
21656.32875298972
22100.38251116585
22345.035127189978
22298.586667120173
22646.284489786656
23240.771685533506
23704.003050238993
23244.850066062652
23563.85687540362
23818.303819064484
24466.709843156797
25288.14164966205
25134.506745641094
25844.49208115908
26314.985494230852
26494.286382297498
27008.720177900643
27179.428100333993
27981.967216304754
28721.503273426344
29070.8944824485
29823.107026021946
29517.049043713443
30050.46382862726
29819.27149114193
30573.224722765575
31130.101690769727
31120.40564414575
31393.976466381428
32112.48264546697
32055.670231546566
32740.356118896874
33160.96811872083
32825.90470668512
33619.261006979876
34277.130027701874
34155.16730739004
34688.85705758
34861.307698453835
35324.04072826282
35783.93626331414
20094.953622449735
19814.87459202894
20766.9564920274
20849.95075380644
21424.980719553478
21376.70094226038
21840.581317173357
21596.05375797909
21351.345072888587
22046.637639725126
22356.459459562466
22932.935109775088
22348.734832646085
23065.0407756086
23129.26505106192
23976.939249450174
23865.235939223163
24600.261417952584
24106.494692237324
24885.883310247904
24965.09390310197
25300.584099258485
25559.187889112665
26499.307382776664
25952.91560989114
26886.656533053967
27608.083773848957
28038.260064784874
28671.839611325413
28664.10373901685
28908.793730483558
29224.872013054748
29677.35926123584
29963.77504485247
30543.7688898615
30519.88051828916
31189.63621625673
30980.238949597504
31683.9742805754
32073.333681804128
32633.928254737282
33136.60941455726
33521.43475955036
34158.255737204294
33676.384300106976
34420.155644786006
35181.28427091839
35367.12122667514
35603.8313631347
35881.27444271975
