13.995314671471247
811.6352480380277
68.68724609188614
501.2771100579756
1013.1766332022976
-112.21641369542166
398.7812552782916
791.5972059999825
-195.4444150456681
307.7880391625395
824.0668950196439
-158.23846494270617
235.3525285231522
1065.6817931538121
120.31205121392034
853.1483826353668
282.85081005994545
1780.3755054108497
946.3571231338199
1535.2053701538623
250.22417714163382
991.0122334843918
391.8372997778629
1211.7076564375234
1104.1517961820823
-62.190922186490695
491.543548028237
102.86356500286449
1012.0034162461402
443.6543572365862
1381.3289365166597
1476.3777836755114
597.488208301308
2424.04370654397
232.25182112951856
1568.404744116393
1188.9018677912877
412.93199306626883
2117.630109452051
210.8061785035429
1330.5304254652717
795.8582228820349
1488.852176011187
539.5258668032137
1460.18846858229
273.2806140134811
1041.570241206294
546.9815738791887
1591.3836167744532
1299.5302512358778
2624.4791870520453
1644.0668572284935
1797.9281016719824
1146.1284949253143
2544.410677831459
1681.7027318641847
3534.947898389599
2825.1463802790577
1381.8449688447902
2118.8410917167375
3398.72695237412
2687.6905116468442
1712.7025693865132
2411.6089301079855
3232.253176001126
1736.5788230901449
2923.0198000647415
3907.1809076815234
3379.118016363166
2304.5954399092457
3038.9214762330107
1622.5287283317011
2095.2098380613015
2573.3404543313327
1728.1872938318797
3574.6798491471823
2500.714640188866
1904.1964297361233
3139.698569873759
2753.3996766518926
3538.120902154184
2099.0802461945214
2859.2608966433836
2163.0906092123705
3619.256275250977
3067.3057001548723
2018.3779633000786
2759.1437044454665
3146.8453586367164
2456.584899293437
3316.4868583868442
4054.8668865507066
3246.353539859589
2285.4206633136296
3863.979855382336
2946.7092432712625
1997.80532012506
3677.7883511291634
2694.14726307401
3531.4540870788574
4484.707775085768
3593.0234563487475
4749.8154468353805
3199.601743131651
4261.6989637418055
4457.158108344315
3824.6306506993897
4203.709075660676
4792.66317526267
4131.659061952073
4976.45550130435
3628.949925842735
4279.80008254237
5461.472673401803
3954.6112399167437
4705.989042832437
5545.415842374053
4795.436586519112
3727.498015988775
4061.1337336351435
4599.171704078174
5495.209034851691
4225.838386009455
5122.624648717324
4539.322994443894
5826.023363227897
5383.152534475022
3979.4321514571425
4782.77685277466
5600.576134160856
4271.370881887506
4898.88836913484
4227.7576812091065
5626.899794966598
4714.602090826636
4767.938818928816
3836.1705011899867
4351.696907573684
3849.585825170848
3825.6752131396074
4653.673494642206
4897.966517245307
4313.235586944719
5704.101876140025
5713.296729426623
4859.659747420789
6620.0037849166865
5447.871360834121
4407.040849461219
5063.061850930647
5174.592094960381
5851.941027035075
5324.0768402380245
6236.812112807058
6585.379465254679
4954.876304168118
5605.629440827955
7426.289741793537
6080.801289242619
7606.576195762395
5461.883785684772
6735.4268639537
6856.977105491886
5955.269457274596
6174.599319496985
6917.103885236194
6354.800196127375
7407.422172983079
5748.408031601494
6448.956266687118
7464.772029133007
6875.635266052325
7203.016139204499
6513.537834981465
7920.709180763886
7376.269652853959
6582.732531271297
7922.736907889005
7320.939594950596
6054.0047173198445
6678.069938311234
6392.40315336054
6807.678249914778
6339.486819362619
7345.115321247917
5445.118668141071
6269.859696977943
6107.485385351122
5086.797237973124
5530.382683380331
7191.147347930775
6413.548874742484
7442.419589799968
7084.523343563927
6402.500719427807
7042.685036277721
7701.631248594881
6143.349312886988
7117.4672430209075
6957.27768761274
7649.971779554789
8588.48006075991
6638.104204266187
9649.24212103428
6984.726237093782
8831.126042643768
8939.94891050588
8189.822553997826
9534.97695199132
8409.589528165056
8328.93715375004
9955.939298433968
9104.540730920295
7748.727726873877
9634.965882832066
8741.297012392628
9730.462963070397
8301.240446765034
9029.079597326821
8373.982028447457
9751.44217182441
8217.080331465719
9014.93794522284
8775.712666637683
8429.843247101395
9220.98078773852
8207.158079970177
8653.507294799623
8771.763073131999
9572.756617941284
7627.250700461212
8739.678417016616
8386.934489890591
9155.324208834361
8319.926313363685
9032.937832579637
8259.252212816471
9305.003161369763
7922.594114792575
10047.501032334661
7918.509420030235
8618.222308334962
9352.412466720663
7864.09418006779
8594.690593994754
8661.839813247308
9031.825694323079
8410.559865937023
9476.460240676404
8100.341725706112
10139.399850237956
11398.512657584613
10765.236810544744
10815.985980968308
10261.993318022085
11665.08950440085
11559.35138246011
11084.828950582834
10276.108689794193
10638.293777276522
11780.75691132138
11274.177724209685
10623.147233152748
11408.330941286795
11020.51316696962
12048.335704033318
10285.245060031317
11799.045933712692
10490.725067105288
10720.146297141051
11376.674031499508
9845.145251977405
10653.634385776933
9949.816632141601
11405.159331744868
9327.005387217056
12166.97527931293
10374.539129695437
11355.714289914515
10473.72379848957
10991.559639457986
10143.415727842243
11573.639272981338
9710.852720217785
10892.542326097464
10373.712136262364
11479.169244433426
11060.191727099891
9716.886717255573
10192.571263255993
11676.437368400539
10963.704478677435
10214.279439362106
11231.008549377524
9378.01647013286
10237.119112607954
11127.268309440935
10518.849233020977
11224.559475181584
9978.024687349389
14054.20091640591
12356.048841506885
13243.77152239706
12963.306725123139
13678.565497729498
13227.354912056155
12127.936085779369
13425.621397289697
11917.08379176058
12550.444039504782
12567.426645260235
13914.947209172593
12008.484919904393
12990.20496338245
13928.017611649982
13304.20171047191
13772.231030916671
12581.517058185727
13017.427941884918
13786.837041072102
12337.807520305032
12114.369200463636
12937.622644115221
12805.782167466561
14180.925735346842
14680.353911790888
13569.780878656886
13516.209297313593
13048.833812371788
13557.413470214375
12370.646221596453
13769.051779265139
13099.924547377112
13725.227748337431
12291.435321862284
13019.665809190892
13451.711207055363
11971.148073725915
12760.449746084216
12297.969589162225
12862.972266432695
11949.591757183623
13473.2705648123
12616.681173670291
13246.031363098378
12170.998201499435
12650.297191599282
13538.376727357103
11838.848837144196
12313.326952044124
14721.740399465823
15366.13885715012
14433.44258011731
15313.447119303488
13664.278808728535
15200.491117658383
13984.869087503854
14786.061003166216
15433.402547831949
14464.15937648335
15218.087372839269
14811.403690446741
15783.100188165266
15500.533665427067
15233.872201271939
15340.731085488056
14477.751330281444
15335.638800955598
16000.707914995219
14819.958310073212
15391.456482878957
14716.458309234144
16133.763785364301
15551.519190910612
15359.92549653634
14006.150454096374
16453.162539290217
14113.948462326613
15965.399628986359
14519.49410797416
15217.09890096218
14447.83355969673
15119.114374457247
14376.509825732932
14842.729054287296
14126.472498034009
15364.18492925624
14562.304356203496
14085.774864403133
13367.547644383398
14802.356586797134
13632.810085055056
14407.307339390794
14136.241940297821
14842.069739392588
15132.372868424378
14236.86351685436
15446.399570207312
14646.170967132706
14381.47521122741
16097.267743924192
17589.904537080583
16827.69333187468
16877.22802113738
15974.480423290022
17824.67447214591
17403.811115050295
16750.69474951506
17761.98622136218
15990.68504904149
16802.14659392667
17627.859914625707
17417.50364927549
16388.05994330968
18146.28475203889
17576.83420170806
18444.144539445584
17053.31705440127
17901.583609994417
17553.27192172696
16824.515620531794
17993.389787435517
17272.799561539847
17676.039480145435
16593.218429200573
18132.812123850443
17558.5778591424
17277.699423246115
17805.10176958543
16846.402150060512
17562.89441554025
16844.71500171265
18165.73268163621
15974.291926997963
17464.024594169055
15531.517882306705
16209.809458435546
16938.08438810905
16258.396731464658
16384.397745662467
15504.13083159145
15772.353427729504
15165.800077708052
17040.048569766386
16330.45174316461
15588.07982568511
17293.660816628355
16266.819759488184
17288.31822067387
16327.095417474395
20093.564208956104
18355.901952336248
19280.59171082471
18611.772234991495
19802.90862827345
19239.516197134577
18361.57259766952
19729.287749085375
18773.776021688238
19086.699031701177
18384.36105043345
20299.39838834449
19479.168067925882
18919.92487480244
19473.806903699497
18841.584880268907
20092.308231180126
19152.49807876466
18973.362367328573
19503.47293366737
18446.85733611198
18935.235464478872
18202.706261134048
19810.70154160895
19685.241079297775
18898.380574392544
19653.32464820827
20123.128330835705
18249.221911110362
19178.903841147392
18360.431046648613
19732.747360101584
19010.106518501598
18848.45494289145
19785.160561402856
17872.305748127535
19454.429193399337
18852.488854908694
17028.30251807536
17131.727706653553
17894.958417634676
19281.8240573441
17843.530439049868
18488.010296275304
18837.52064841062
18041.479175205408
19950.592355135897
19376.126709593387
18714.336706419628
19775.272247174737
21703.157809750435
20893.04808577125
21504.270663131767
20522.424831938362
21220.45221198969
20174.32221629509
20950.270262044323
21925.363782721524
20948.004217015256
22819.021709413202
21889.990479812466
21302.29001370499
22196.929578813473
19918.184534193057
22134.43084224936
20474.489718731635
21127.390837564864
19855.441161400442
22297.124011665088
20556.104190991453
22161.948379314006
21528.851120315692
22207.458751868475
21767.100250837033
20393.42025746296
21129.280215114584
20354.40043381655
21145.745313478557
21058.903338658987
20264.611378400707
21969.73465286087
21792.837842725057
21027.286493210464
21329.546009847734
20405.57288066898
20676.38423261345
20318.809393463718
19812.1880500416
20589.47557228158
19921.07900846411
21239.15112897584
20670.374292213033
21872.13550666641
19778.506011088553
20690.60820926793
21539.853050929578
21199.7371187144
20322.3302397597
20722.62578631585
19735.137901087248
22212.953159160683
23004.79497264796
22524.698505870907
23484.566356248135
21800.827315190796
21711.732360450373
23045.31889990266
22395.19596991246
23504.69809206608
23960.26634018406
24491.350707306654
23696.41326784835
25059.24464550312
22893.018170626547
24426.063659074964
22888.046583850628
23563.36264515018
23491.627441856577
24026.470149463283
22917.22349483755
24617.739616507748
22903.400535550787
23748.556952641524
22542.481628368667
23770.057567754644
21853.770042225107
22789.804794846055
21906.93212152504
24089.50216363641
22537.028923211175
23347.045173335082
22671.719694031435
22323.69050775599
23482.47460533882
23184.745240188222
23450.079830236245
22727.51179962158
21554.197168887826
23599.09780471316
23896.57924998795
23211.718506430494
22528.70297237867
24245.325745366135
23373.943013924487
22517.762751863338
21555.001301836826
21872.08406960834
22785.450499187828
21214.437031475223
22534.86765862547
25495.717367791694
23843.281099253472
24691.010745471685
24283.023082162294
25141.05560886701
24948.50489876827
25763.96110466342
24063.13592840315
24668.947199675884
25199.469254568357
27804.240919445438
26875.491268553826
26393.76884647382
27053.53894652576
25792.692697481656
27203.908795392526
25696.817990793374
26285.068433400604
25442.319144992685
25120.976000322982
25750.915775945286
25363.99307172621
25562.130527533038
24710.547338087064
26227.482954253323
25766.712523438604
25101.232151419474
24877.35185364783
25605.187450617796
24810.595626995986
25399.498505575266
24263.687763300655
24949.473810817577
23938.48693878341
24203.69699541157
24709.78122397687
24233.37903557256
25393.59138818786
25063.57004942109
24732.953070249627
25672.757870967955
25347.40308501307
24649.392579205163
26223.068974724458
25331.560686084806
23686.91003528242
24566.7432899528
23613.171226385475
24201.67896143647
23229.32142562434
27679.517434315174
28172.8928420287
26324.47788895275
27200.906951062167
25811.81953342631
29218.105135101974
26638.361837705434
27275.27936978429
28713.694634661464
26333.349438579557
29324.118344595056
28493.953524969806
28831.306740202082
28520.108707738244
27869.935576221727
28665.84210097966
27994.923819073352
27255.790837841854
28065.71823884491
26523.124492242165
27087.504090771876
26207.440712310527
27701.914380655307
26905.802538192012
26717.193255815695
27530.916971664705
26252.93389782226
26863.72171058134
26300.635749735095
27499.048917800228
27017.000413394384
26352.227544178673
26896.86592881143
25982.294803278874
27787.312633027563
25834.45613977439
26448.04788342212
27198.176202532697
26125.648574162584
26625.66327763546
27347.732635969907
26473.052650716247
27539.779179051708
27018.267206554992
27703.071907610338
27059.381216342517
26439.4060573145
27417.035044578184
25520.04078025469
26346.3701014762
29039.874257675307
31483.033762379706
30719.216601291715
31723.240448241108
29879.97322437926
30995.263113156405
31507.553265020488
30109.384790048767
30517.046450202863
30901.164092331972
29712.259625385934
30334.319571120715
29066.29321647944
30416.789123742183
29589.997445855417
31161.33133049226
29037.201311232668
29882.518835324663
30494.876321181455
29750.715528105822
28076.879034958118
30061.683932956443
29121.370110694337
28360.35780856773
30046.727959282267
29280.035104666356
27446.055729578875
28312.374648173623
29038.998891431573
29411.190380368786
28082.03989416939
28646.06814506229
28931.177551627065
28024.432136689335
29614.821261774803
28702.136883227216
28436.765360715224
29409.027838909868
28040.13277683748
29025.166283520844
28248.786405577637
29439.181079338385
28884.00596440012
28359.422613355124
29914.844917862196
29166.754952641342
28428.45595664202
29497.467913175107
28423.64740666422
29247.492472297876
33050.24414647005
32267.193702544664
33440.95391378187
31439.60046489673
32801.07621758172
32498.39701875691
32091.891111921035
32361.17953542693
33092.00232404701
32837.574868904754
31478.840319407223
31026.159267479845
32118.370362741134
33340.99891066333
32767.924128009883
31816.55781572457
32586.196847560605
31865.45148322569
32267.277505917646
31533.89132778019
31689.380294366234
30877.249862591532
31540.939445229465
30782.097381156756
31511.481833946964
30170.99409442333
30634.86611243355
30713.007351299882
31345.285325216355
29947.492507322728
30358.131763273686
31250.61443729841
29131.237169442044
29579.34120329931
30345.40704260909
30888.972343899128
30106.022327835253
30211.43882249782
30872.73422258864
29757.183296082858
30165.351381088785
31363.117386430742
30638.56755484998
31505.11010389439
30522.416579914556
30577.49485524629
32233.233429232954
31427.160705778944
31426.224377816525
30570.347068542942
33922.565163581115
34569.6295857914
34019.08100738754
34530.6131803201
34178.771285659546
33427.60907444073
34716.73889686608
34127.563140324426
33468.84212927722
35170.32349934426
34718.345554117834
33948.706619520286
34333.54031071503
35278.05712074604
33586.30475832645
33505.12546102973
34355.539777203056
33275.866584716176
34137.858390511574
32581.259161904643
35068.10809368139
33467.43196063195
34326.14552024533
32092.068052966748
32715.289378330406
33871.36172032966
32156.444697072428
33061.62465003008
32137.44482886139
34055.86196475415
32587.86354121819
33399.94065867963
31765.07729789899
33714.35359972985
32329.543296362473
31661.27222700053
33120.18220448502
32651.924691299027
32154.46205689322
33439.277371931676
32912.20210702076
32400.97421873708
33695.08326759766
32510.93065339192
33345.545801259264
32971.4412782361
33661.301124043355
33004.66922618561
33714.42259023218
32316.880842009992
36019.97020675669
35248.99384194727
37010.460081411795
35182.603665149356
35920.524521922474
36605.349629978744
36688.38358716147
35242.48595887958
36034.441517212406
36671.44627714848
35632.044467908105
36297.152305860385
36222.185352705324
35782.29622233938
35021.479689968546
36501.28377689508
35395.78963527232
34880.98176310492
36162.13209687717
36121.59194232424
35615.10144147322
36517.95023618926
35919.87366630078
36763.64289418303
34811.894240246125
36390.71970365707
35518.00521774607
35663.460733752574
34724.72072700306
35865.34480976956
34926.63717538935
35970.44848902057
34122.72001391472
34804.85725536197
35692.17093434194
33946.309499131115
34932.3168545778
34225.911726572886
36274.851299827205
35600.145267238746
34845.545219519314
34468.472814785106
35615.78009396471
35895.467777097016
35210.39429096687
35376.40478315387
34008.77052746429
34621.69187744666
34483.332682300235
35253.63333293547
39614.00970007347
37962.04956941662
38860.992519795014
37371.67504639086
38187.3363936153
38111.556586366874
38921.79178372658
37419.869755536165
39349.948215090284
38649.82259857612
38085.279226431965
36965.89986946436
37139.03551003566
39026.16683836586
38537.27741414051
37799.45102559048
39166.40655920725
39708.52518198774
38685.96606504832
36933.30868865108
39268.98061197965
37831.87888966239
37462.50801273535
38809.987700343685
38204.83248452694
37565.869696070506
38350.297028061934
37032.855535758245
37588.85367105156
36479.64174437236
38294.46033594018
36444.47629109621
37016.663951827286
37540.08645744109
36961.75705846234
36500.37315547028
37246.72979952994
36941.30544776551
37914.842207967915
36980.64412094941
36220.19039558842
36512.77485679241
37160.99988023424
36656.070191281244
38107.4329932341
37481.68356544957
37005.23677462018
36281.48639724051
37754.78422653289
37098.06628761229
40280.00156098912
40880.195699028176
40123.280182133385
40352.2588827791
39575.89346831212
39686.60389810739
40855.995176618206
40198.5299916893
40803.303791638755
39305.74735404134
41147.95628035691
40114.34181213127
40495.17171174947
41392.832200365934
39775.37756207937
42008.96213124857
40762.0012530025
40262.99364697157
40654.59037178452
39976.96302554739
40558.36242499876
38531.0137052143
39592.44752613385
39734.39496149217
38557.42265241407
39125.41041856215
39244.91497254365
39094.14470217729
39833.4445036339
40493.30198523958
39782.96526262806
39106.176211715916
39589.82619884047
38718.124469839124
39765.57398253073
37912.98506582688
38692.98014787466
39308.74206325144
38916.794445186766
38613.40486987913
39467.42068949129
40226.212527030126
37794.26695417939
40240.87287029254
39184.328137289354
38103.32584642858
38567.95404907442
39266.699884816604
38985.5135442561
38317.82808184307
42097.399889260305
43256.18223579079
41735.525999610436
42736.31268563321
41190.10323287844
42091.25791710636
41141.68588346098
43185.29149983819
42503.16171146758
41684.03793668687
43311.35643645786
42464.314942626166
43287.47947802453
41722.87266408444
42596.49285279978
43031.395682887196
41473.79335914657
42098.56978251956
42001.01248840007
41959.29913201091
41294.322937859
42388.516716674676
40578.50947494555
41192.93185773574
41533.82474605154
40107.94877538877
40684.93108656426
41190.73498608653
40422.79184247769
41711.69321799056
41014.54233770956
41499.38180149236
40394.55719056823
40580.379272164275
42164.55167040596
41376.46877706007
40244.9556104147
41720.22647225086
40955.29081136471
39640.337094152725
40392.008270525825
41160.4634997328
41829.94944028968
41016.415800712355
40752.96607063511
41625.541463550486
39918.880800854204
40524.37040985865
39695.32240817077
41313.71168420847
44363.15862611308
45111.89174142403
43696.7263208332
44511.61031036483
43430.232509519425
45525.28259038207
43975.05528167296
45267.355240365476
44776.283644291085
44004.90507005253
44996.707474085066
44190.02726665714
45123.70623812543
44518.36025900718
45164.48036740301
43893.65773397458
44222.51748330742
44981.50730313228
43616.00697078785
44334.982927626836
42805.44461065195
44000.799864687826
43235.904873612395
44296.34816993951
42769.004953091295
43564.39250211028
41932.39621080138
43075.15691341001
43840.48576227257
43359.13892600256
42359.390051021044
42547.077625556485
43759.03137979482
42667.71299976983
43846.510739120444
43087.53848087659
42431.45618184343
43707.164236769764
42985.754302068424
42083.44152792828
43856.608887881746
42614.630814215445
43477.2450434005
42298.05608353767
42963.241333453254
41750.39372605048
43477.15123771028
42349.45773119231
42558.893375789354
43164.455838885544
46076.56046147526
47136.49220026824
46581.85227969627
48102.71565707885
47201.26855615833
47212.38149224355
46043.8932012821
46887.7932538376
45566.071245348736
46229.38787253171
46803.56057791595
45908.820326046254
46727.611707968914
45895.83939790558
46312.540629502575
46876.12037892318
45803.41257659605
47109.58885023467
46345.08285192093
45582.65432282584
44915.46745636724
46992.667386660374
45888.21953713428
45000.52555663331
46301.776507226205
45685.977416589914
46169.80911177502
44452.72563391001
45214.497438375045
46179.92937838026
45680.45013351886
44296.122540612516
45059.605016181995
45405.20420399211
44607.00746403727
45165.10359468313
44403.984529547735
45557.700748648196
44680.80843092374
45520.42626135005
44958.28903113936
44228.9809728636
43637.3524572047
45244.43159116199
44110.64176268184
44689.13561680561
44134.231285225076
44979.22416004068
44381.18148603455
45088.01328303377
49811.30499094429
48025.82555467652
48914.51056130721
49542.45635330085
49262.016405951545
48922.88690737383
48642.14307181833
47939.03842680176
48815.815842814096
48500.26444089711
48067.867805482376
48581.34728018917
47420.07324935482
49398.47902268795
47628.89888943319
47631.03884761978
49045.76082963331
48300.03473896589
48434.3973556485
48213.75837863624
47741.65734706608
48657.48092598
48413.286417818876
46889.484271046866
47721.30871017067
48551.39612988435
46921.15181019023
47547.37814398904
46841.14945778248
48236.614425049745
47641.17181158122
46247.64072600317
46844.9041045308
47034.52736712569
45928.112627097384
47526.68193282554
46298.936972928816
46905.435760082604
46245.379254884494
48179.56863694203
47173.22407449131
45859.73759454808
46721.11484034601
46336.21899584499
45630.85457786228
46941.252869964825
47212.86263191816
46400.34212229694
47021.50835214765
45746.71618083486
49873.42583064529
49061.162661018716
49766.66697576922
49034.17931624466
49795.84044835197
49700.452174461905
49020.18412673203
49418.41110116948
49836.38951829183
49082.23717255905
48333.4296782518
48847.49787542044
49134.57693923246
49541.19710157433
48996.36253904902
48693.030279363134
47986.83523753394
48589.68921422089
49266.80716434574
49771.60478180985
48135.03315224241
49054.231895624005
49675.766199771686
49017.37392594325
49694.57859390983
47889.4491283659
49052.267055386306
48529.42256338252
49770.77488377206
49324.02895075689
49375.70991668836
47747.801495308006
48387.70831901085
49635.18994916077
49913.03826921391
19.87965863530394
874.0881225677099
79.62137756392403
559.1951112479566
1197.5901067234865
-101.19296149221722
524.6993060629964
909.3370995158064
-188.06957531431507
320.6916921345928
730.7018877700116
-150.96749104875698
237.6383295853757
1061.969229293597
128.74105191020098
837.999950986457
290.42805103609743
1786.756861445344
990.9778493143062
1632.748091875446
250.7506063809995
1132.8758199028027
395.1252838717661
1266.5033940350836
1014.5439365243831
-59.648401290217144
393.8003970969207
106.49722043256656
1008.1937762704353
444.5587845777432
1385.197785237117
1379.9903222187652
598.8528313589612
2360.6088951525326
233.6333142356949
1611.364576612771
1149.535686716999
413.1344222994448
2106.5170945584573
211.86892615218514
1357.7825130416975
816.0186017745947
1497.3513163987006
540.7038154057736
1469.7105549201087
273.9931184611196
1034.7827714108698
547.209375844123
1577.4580160700796
1291.3080535156898
2721.1774726455574
1728.7315061506702
1921.807743818496
1277.6718852363178
2757.28041911856
1897.1966448997703
3826.3766194209143
2936.7584316633533
1578.4640839178971
2298.386067880148
3403.899518403888
2773.5769395275192
1664.4591571412402
2441.6615050747223
3297.0480334660638
1760.5731445265906
2990.9280671240754
3990.222928028412
3408.147600269434
2558.3142559064368
3233.88395566943
1806.110057440426
1987.3881010453304
2593.1452436751574
1681.8161782715356
3679.9975505104467
2500.1234592727674
1939.1355625965148
3101.3434204436167
2760.377006558761
3566.5941585499495
2070.932773357648
2795.145374592989
2068.826074913827
3617.4475085243766
3035.1963017765165
1937.111880737918
2699.4955158965436
3081.855888823227
2461.976114798151
3330.665906319008
3921.8020798568173
3167.386839607628
2259.785210013248
3852.7917540336043
2938.367131003182
1993.7888815072417
3744.1269979290696
2619.3269752837
3475.2248641814126
4539.680106904485
3728.66806852839
4754.47381525789
3338.955253637517
4257.940790415221
4506.892928499161
3856.630097884568
4395.132961937082
4831.9568013658
4205.407378689861
5087.305176949209
3731.3749558946247
4435.243998758977
5531.108064212728
4052.631309505169
4844.036509005092
5678.435365642896
4855.2324627753615
3849.668905366021
4142.261026456608
4809.763422021539
5734.3997378148315
4434.931249094252
5239.5128202355245
4666.370010292589
5989.08805233053
5527.435484912231
3940.947452104479
4778.675880948617
5635.366596581968
4323.572823920259
4969.313342161056
4268.7989767005365
5612.042417153993
4681.536540309623
4738.626266405141
3785.7141227615366
4282.036998568964
3792.5566860139656
3775.862674973978
4642.741196033194
4866.193379799893
4202.224556978502
5661.788206296379
5630.069107283079
4829.181592025351
6567.71712291594
5440.111612852441
4392.230587069113
5062.568885272762
5290.81759532615
6061.971113629312
5294.991756935788
5981.4355959267505
6393.1904309104475
4947.79195609382
5623.592614883606
7205.418451313109
6261.195341892179
7780.3687835226265
5588.812572143952
6902.831137352074
7056.018030997351
6092.643585005526
6273.208049282395
7100.547591873837
6547.327262110375
7664.573306397282
5912.965536043178
6691.230953047252
7463.703189933128
6855.995282698754
7345.696803639375
6719.601195177717
8108.134299371413
7509.78791207913
6808.16879421001
7882.830772516513
7450.896331701761
6200.669093509516
6744.88879044002
6372.159261239098
6806.779026829741
6340.509143968445
7349.968806952548
5435.198640860187
6282.9867270872255
6088.34151234304
5014.426252102762
5529.909722227013
7197.225996701081
6410.454245253971
7426.606093128214
7067.18074778184
6351.440100607426
7004.020197424202
7621.585472874816
6045.650662530993
7063.023343084018
6837.544626568589
7895.501317667689
8941.267473435482
6786.411883010037
9557.142092889546
6962.998197092216
8609.949065721992
8734.340012902232
7915.668237059579
9318.404773553637
8284.608960444253
8443.237861976344
9853.338702689065
8972.722974731869
8014.460877269032
9659.690138657214
9033.282850284162
9816.376483708467
8621.58148399222
9439.079985106766
8645.870026469618
9759.308329501378
8242.32713722114
9101.799229491104
9026.770787010448
8514.543441126149
9434.900677671983
8147.082731499126
8477.843582610518
8677.434077644246
9566.34435264421
7635.9821384664265
8779.987897705052
8414.818604570984
9201.443881767485
8336.032314371412
9087.761822960261
8303.668220421549
9358.485978679533
7935.390121440665
10087.08502104831
7967.752712499488
8664.950876803607
9395.011719288856
7837.215041928689
8621.68257054071
8628.708997605181
8994.374483567188
8324.308365136789
9528.491358499554
8075.716926976698
10055.505044606225
11428.60246009092
10728.420548444747
10887.559743340835
10384.053195748878
11888.589466873977
11504.84822992337
11141.501218752144
10158.390789222727
10604.992277939471
11958.966106679987
11299.47459856071
10553.414211405892
11335.808936906074
11130.678297758337
11865.519571865816
10411.972899755387
11775.927090064904
10370.43285975594
10610.123790457168
11297.943199714951
10079.36364937403
10948.07145553129
10198.118527812376
11484.914258663599
9165.251991970552
12126.891852084354
10340.051502612498
11304.777949594114
10482.613379315177
10959.592043320008
10159.028441807657
11509.182980839993
9825.354844987498
10816.637083035996
10424.369933394426
11430.197290967166
11138.677110246508
9748.052491278215
10249.362511275991
11762.653481130747
11029.842893757339
10194.464535174877
11254.22827505632
9374.490571992856
10286.773074575092
11202.086929250003
10618.069448761189
11228.051939202574
10084.921758789817
14269.43328811028
12502.306377705472
13462.651474692175
12929.25046859385
13753.338708589918
13355.786285681386
12115.69348702832
13680.429841409203
12004.038565700743
12654.489173959844
12789.973857347599
13910.978407313418
12035.635882077806
12941.647152031173
13881.695050275228
13148.417898586564
13772.107302187158
12434.30893023323
12982.13119283165
13648.126893589984
12344.748169931785
11917.272190719648
12828.102653033682
12508.830111470757
14181.766303718014
14583.706328527162
13567.041307011348
13297.270896707616
13042.932077348436
13591.913759687333
12352.019353282274
13744.603162577296
13068.848501247552
13740.29375146026
12246.567169792064
12996.29598181995
13445.040016333138
12028.165705330237
12795.482403952888
12399.098283039863
12944.275122182578
12017.01188425859
13532.887718594267
12668.491390861476
13297.245791537414
12187.55300419907
12681.575942694608
13569.60086565997
11866.077861937792
12363.975072502784
14982.54572449731
15311.44075274512
14494.07639037931
15494.159999257787
13616.430291275276
15299.623519026463
14164.1918903035
14962.359790788478
15652.956845622171
14427.216840782206
15191.644332092485
14783.94825720572
15805.515527349968
15547.079399811908
15074.310506306636
15295.436815909748
14336.8516100714
15207.692085380675
15989.85892468747
14775.069734172903
15483.670802527657
14817.364520788296
16236.111621129356
15528.38058845437
15417.935661274441
13868.149004053415
16536.367667985785
14133.20977438146
15991.19058670374
14498.613160645576
15182.905633631519
14456.610358545322
15151.347209026326
14419.665671319024
14885.535974904069
14139.179497117415
15417.688990302207
14590.254666366944
14122.030676328399
13385.671475517998
14840.42024572914
13665.277968150394
14424.70434497764
14188.100208375628
14903.041435945996
15158.102987527724
14246.374651602744
15371.571583603394
14662.555373380083
14440.56418674457
16076.92394103251
17623.145526881435
16852.746645878404
17081.26664225195
16134.90682188008
18068.739588019434
17393.670312820308
16756.05382180458
17759.8013862069
16001.50237499236
16856.323791963012
17717.317184068634
17493.315632418868
16471.27293636334
18275.654740275128
17741.408758386788
18650.566657410873
17075.922438968144
18125.84069435857
17631.252235378848
16864.29348527075
17775.06023937367
17020.54806154207
17513.80782968039
16534.800708672297
18194.171147128778
17570.696608000577
17354.075194544337
17860.364223395565
16894.479773105206
17622.890025058445
16876.96239199981
18158.31186553551
16007.452475615713
17445.955932090274
15591.98860661635
16280.570111384515
16964.87406156771
16248.721650382526
16389.321625233613
15488.234406434709
15798.515419216592
15186.822072555551
17057.196479084327
16346.271990785204
15599.592208075512
17341.934101580024
16299.356436927503
17295.340901519296
16270.588236423355
20116.563214384594
18499.30508344227
19237.41211833514
18948.21365231976
19823.50717743239
19254.470947186815
18133.744514219772
19790.97866504527
18766.71019990506
19102.53468623196
18499.682537664186
20406.44314214706
19515.42512155137
19083.556331970252
19644.57688201883
18991.884792188557
20138.92861630384
19377.224190996694
18957.025799014675
19528.4542341142
18406.26721549494
18958.892341111175
18095.210476154138
19903.505473462636
19730.366635784012
18960.886141199837
19694.505372613938
20057.813055439336
18178.50155291499
19077.91854757683
18355.270428958913
19766.840546265947
19000.163799677495
18883.315215064315
19804.613263104093
17916.39698014293
19518.67973555268
18871.567238224838
17099.1775007151
17125.12175257856
17883.423231514855
19230.354240087345
17869.31303599679
18532.960420482512
18837.398345660364
18073.114898152373
19916.350724270025
19354.112292516627
18714.47466853118
19844.246822087232
21526.853913879524
20856.62246777404
21535.339957596247
20641.8763219298
21343.811804648507
20225.160362227914
21090.01943715754
22048.782947463755
21025.343409099605
22927.06300797002
21913.258654388377
21406.262898231373
22265.644176855647
19891.012724411525
22269.021613440775
20480.284569680007
21236.19179644362
19916.148706366985
22471.486501053718
20663.485422807604
22283.106860502467
21654.92376502029
22209.612029866126
21785.449931661715
20445.849570402177
21186.24119200516
20384.9172552833
21148.953238026646
20994.760048738728
20165.801664632512
21908.891154621797
21752.376325790385
20948.891460239545
21211.548409739407
20458.886527750376
20700.400859620564
20277.328596602896
19837.02081897696
20639.079141857703
19862.50779441178
21280.552808005523
20684.721861836122
21914.969604753598
19814.925356354343
20664.378216864716
21572.110887685725
21165.21137494628
20392.502334600176
20697.020290116398
19784.021474848487
22231.331518677427
23078.47296415463
22704.96360131449
23648.696259194094
21944.406314717886
21955.12772773013
23276.57868228066
22636.436986218003
23565.913884764344
23945.744894725718
24561.598384049445
23783.254942312575
25169.99416950147
22963.28617788954
24565.704056890187
23173.44261894566
23690.462011143856
23760.944206683573
24255.60740958668
23075.767505409065
24659.633653734774
22935.7431180392
23841.079779619515
22544.24413602315
23765.04398256739
21898.784325976278
22772.178806226064
21829.736935790494
24062.19079426279
22463.46760326343
23316.22425983144
22650.79874227006
22222.629342785738
23468.797147326724
23136.69815977908
23561.149709032383
22788.343682201372
21633.60089007258
23603.046104750505
23885.180348995244
23198.218252883686
22579.37960877589
24220.350840205145
23358.219681272625
22559.769869899905
21560.77296814599
21826.69830344687
22752.72676542913
21143.116005256517
22496.789911690164
25659.761193380593
23929.167080767467
24807.533685667
24506.180331566393
25187.422462383696
25029.797727486948
26002.528786815936
24133.306436585375
24646.968561637757
25385.159208070945
28001.11197278989
27165.50752284497
26237.66468913147
26919.393842063015
25687.94039125295
26893.56382694436
26054.786974287086
26088.1628852328
25445.88639223455
25132.27824586509
25706.708067298845
25310.835631090962
25530.73229347558
24670.898087058515
26215.845404628413
25715.0336159603
24942.196072702347
24844.913746880444
25614.789075841207
24786.76901574843
25427.22556287858
24241.869203517923
24978.84162225129
23941.588852009783
24291.991470124616
24726.64041097788
24251.268006188973
25333.68711546913
25025.283765337725
24731.340286237602
25680.06215178086
25358.50347174302
24669.199888994244
26267.843327865867
25372.788564997958
23704.73004037977
24566.14422964531
23565.02366997862
24213.068105928887
23154.273816931385
27756.837199151923
28102.56090863335
26462.216248085086
27190.760147761444
25920.335591311075
29241.535283525627
26724.92129741392
27331.153958209197
28683.50566226439
26633.24252696341
28940.582612842612
28170.590687966636
28863.200144297964
28748.250898208178
27808.612893509016
28406.888013769163
27674.694693635498
27213.582698009424
28061.50447525664
26536.11715267093
27045.090565079336
26174.12480058689
27707.468424700524
26922.115460574398
26771.61645648084
27614.388171920433
26269.211810243276
26912.429313487257
26322.600731071394
27561.304218385798
27047.165812298008
26364.63824028868
26903.2504585445
25987.87281942531
27771.995414009758
25801.200014877682
26428.815105645455
27173.562126100296
26073.116987730747
26551.76493211136
27318.34942495944
26476.07578099561
27629.769690051737
27081.245795876657
27771.285106000494
27129.462561032968
26433.193791744503
27369.678034924797
25520.856367321227
26363.340742190318
28918.27522675046
31391.84851004825
30622.267747296875
31525.87694296995
29735.39870678611
30948.622229853005
31482.041027882537
29978.916410832957
30720.504424448038
30660.546275262383
29802.751355938755
30067.971429240566
29319.02505127391
30203.012062765723
29320.360007144165
30898.49751121594
28975.475154766387
29892.949603730933
30403.609007057574
29611.539488727154
28023.8356760114
30000.574110747875
29060.048455723365
28426.207411683918
30032.071026433045
29399.61420190073
27530.577338080562
28416.96252364241
29140.996391595363
29430.703723610277
28099.4515268018
28660.446960349702
28916.361217823694
28032.021093377447
29532.708356068564
28744.7322170618
28466.561663684628
29455.11796875697
28061.92912215022
29083.950946922265
28417.213945860753
29488.43086550622
29072.59633450362
28468.997305007066
29875.73795170412
29196.986009510492
28375.030300532926
29411.756556974495
28382.900697712797
29150.74306287987
32999.96431790653
32186.559456082206
33436.67903574221
31450.655714317632
32728.50385936618
32368.223143993077
31992.359535524058
32362.53308966722
33084.10913979398
32902.03798210015
31454.062618623233
30833.37759729297
32136.988314545182
33310.97605266254
32698.514138697785
31683.308754173
32432.292494388534
31641.719298832413
32110.086126150953
31316.17883484892
31656.96657712494
30840.169492007342
31601.368394024437
30820.067666563467
31579.03526490132
30307.394184972705
30742.04941217902
30794.795978775375
31454.106923719937
30009.890335661523
30407.16032166078
31307.002437439107
29040.74784268833
29592.70774593366
30381.60951769064
30859.09232611624
30048.658997718674
30273.80798221156
30918.97144155528
29831.74702554046
30223.919927984844
31303.05111146744
30574.77269075147
31438.14366405667
30465.4136013726
30487.696293632485
32142.216724035436
31326.241910717676
31431.125007613
30631.03276332126
33960.70521964038
34560.67781513872
33937.51720428873
34532.768299551346
34141.22073989871
33310.41293698277
34750.766762872634
34059.06771192727
33592.390385832725
35121.307305047136
34624.97510490774
33937.85665382493
34301.446811235495
35211.43983687106
33532.84092830936
33409.91554999563
34273.07525505224
33151.90829301261
34076.82111809092
32389.406335134066
34805.03562255508
33304.90998532382
34129.278684840254
32198.96409874834
32829.3997779788
34010.718769906656
32250.706641096007
33172.841586686016
32257.154592973013
34176.13453122627
32644.544727174612
33396.652517335744
31764.477547366565
33618.20075772685
32343.36982818649
31641.941370337954
33141.5218819269
32576.895299711163
32026.035880534324
33366.4311442998
32756.40851046026
32355.000440386128
33492.72584838615
32434.756562056584
33263.89074513014
32926.100940765515
33663.866437184384
32966.8838271195
33719.17049564754
32317.13637800481
35976.874785882545
35098.57031239205
36995.55181633657
35241.071976659994
36143.8494074578
36682.63232179127
36817.51583054555
35418.50715724741
36024.47930626409
36667.06400303954
35518.92804191415
36204.2475003901
36183.37472587812
35902.17594193809
35128.19971446264
36614.425970399134
35353.68653013493
34851.456651201275
36136.14582261854
35992.71566018793
35519.02086353371
36345.87575246784
35684.26754790105
36590.8265883862
34822.306653581276
36321.33623061229
35434.20425691519
35756.78468853267
34867.838360887254
35863.22081330489
35018.67761894758
35929.302842613724
34146.69257148108
34715.63671835677
35613.31477204628
33973.20981494785
34818.993258249495
34055.09821559545
36210.93474181419
35532.878720700995
34782.69086438564
34373.980232780144
35571.3251336621
35828.27827616406
35141.49938323436
35353.68641012296
33993.29889427849
34623.11736788839
34512.234352370375
35272.36266229418
39612.42630601581
38017.232448785646
38940.64367331484
37347.29515156212
38264.47484147421
38048.350956066606
38910.91742627127
37510.278633037735
39263.27033460773
38476.58518758355
37995.02168247836
36913.44401957624
36997.137954633836
38899.79127990501
38439.44396946182
37639.28024313337
39122.3781855831
39431.85909918153
38555.569582300384
36867.06160320296
39129.89570576103
37793.85620892739
37328.7246545448
38741.89422580262
38190.04228544108
37438.43088297336
38234.54534864048
36973.03882694028
37471.392774378524
36559.12478965789
38213.045016185715
36415.429629491126
37027.85756874836
37532.1763213771
36940.346460611734
36466.33990388124
37251.17197943813
36918.317700106745
37920.124987935145
36923.81521827591
36151.461491103844
36491.009870158254
37148.31473526792
36618.141600926116
38045.83739618308
37444.454183870424
36994.22877244061
36250.34325723392
37756.962840867054
37119.48013168367
40251.34836390202
40772.23049362322
39949.42429385882
40278.29023604138
39480.061104268585
39681.80743572068
40816.97979943527
40148.939388720246
40817.382084192985
39254.70016270983
41011.04598543944
40071.29153315186
40417.18370332134
41217.00031400492
39681.646494672765
41763.65018407318
40529.99847496999
39918.63987976001
40429.10946209116
39884.76982725407
40485.19980650316
38406.79645875502
39496.099845589044
39688.959210148
38511.83861971668
39098.02852483098
39187.96889284215
39000.01640523371
39789.1969155043
40505.00953844516
39809.76486275092
39115.6740387479
39543.04407106892
38688.615463970695
39786.89699899578
37907.99274609788
38670.796605274074
39305.21309013583
38925.62044228267
38621.0600397954
39486.82317683331
40179.3903457067
37761.42521323703
40229.20903566149
39126.450759876454
38114.319034470536
38592.35885215968
39262.33219461986
38965.94159785943
38283.62771171362
42105.503241872466
43370.90242216239
41711.53422595992
42772.806940727365
41126.41455266096
42028.484112644095
41112.68329721286
43126.01594924415
42521.23048839298
41659.51766347168
43183.23537524386
42314.31967169697
43130.613974235646
41524.57961038307
42326.939122098636
42939.95150582798
41304.87765989604
41919.97641774483
41910.297051347625
41949.35797260704
41217.14841903958
42320.358467436185
40533.774896997966
41176.525270433915
41493.01473570583
40126.146730966655
40705.87953953814
41128.76667332074
40419.513520394255
41791.07451176058
41064.78034772015
41481.449805493205
40374.12381932658
40534.89984669373
42181.977022154715
41368.24970780333
40205.25214666517
41706.93457953463
40935.180468036844
39586.31906915738
40234.267642770654
41047.26855160015
41809.556042080476
41022.64773206551
40757.38967682532
41681.10578609832
39915.38447337553
40513.083584409724
39679.08953038437
41300.38132149672
44319.0584345473
45009.488948704384
43817.25957679603
44580.94288595187
43448.021261320624
45643.54822637479
43993.40820655748
45282.15736990853
44767.23127712342
43931.35601668191
44951.575924757104
44083.49185421637
45010.020637837704
44512.83642231088
45224.24091652816
43837.63419834721
44188.38693356362
44875.15477088261
43583.983350141556
44341.19416780392
42810.441979586634
43926.728699775274
43224.22734466739
44265.489334845974
42772.66312642632
43619.194417009065
41906.641716119004
43146.75446088361
43923.51299083343
43346.73310182363
42408.299987583116
42485.6011009572
43709.77387707216
42664.944723576955
43872.40317570652
43105.80256255682
42448.83013706596
43705.98842139722
42902.44828448032
41967.76995354808
43798.19450394062
42618.79897137555
43501.12745628819
42317.3924524158
42996.46932536667
41746.85745774978
43599.0879043525
42346.9584458705
42664.745248390216
43268.23965359714
46043.330387323345
47136.53923387971
46462.12507498034
48019.40255619752
47043.943043529005
47172.66899984705
46106.473597604054
47017.76994376425
45594.48299903025
46293.26832954885
46833.42251136319
45881.978321847986
46711.27548543976
45814.533752895586
46254.25139812888
46934.573513441435
46066.24548764457
47078.71380547692
46246.52603123208
45519.41354665118
45016.68613108613
46972.008084663896
45922.64171151212
44947.80483704796
46307.553084278494
45631.50200349684
46116.42128154518
44429.753979317924
45114.25010811242
46138.737777662645
45620.14778914906
44278.77359687492
45002.035685619914
45421.30182279801
44580.46046450205
45194.23370051133
44412.177605966855
45491.85053669619
44603.1787222724
45445.075186259375
44990.18506017202
44243.922800463304
43669.512099079104
45324.81173501084
44220.621418481234
44770.356063551415
44205.99703682648
44960.88184790123
44519.32607556479
45179.189721496
49871.53516268106
48090.60604116399
48927.43368706275
49413.223820071
49490.43156012175
48840.012378030886
48822.666779731946
47995.54702127984
49032.52077215726
48555.60399051246
48021.9725879172
48484.75850046004
47534.757912167115
49146.332595578446
47636.738624314225
47700.05543559013
49082.19886554363
48360.851161418155
48487.57174254025
48193.08884432206
47773.904769843306
48712.90019052962
48314.050315530585
46954.76814797361
47753.6471870259
48492.19230158694
46901.45868248555
47527.81330592656
46842.9755162664
48234.854125215745
47635.194112943405
46169.34459781355
46825.06687813358
47079.22017151631
45979.996375677474
47533.88036234809
46293.35441271866
46902.11816230509
46209.07090590858
48181.62547397494
47145.86270689118
45916.33210023963
46774.021721221296
46326.57409391722
45620.07715317581
46950.20030859493
47238.298640506066
46404.97360260752
47005.84866000005
45839.83805574856
49945.02099677812
49258.940805504586
49991.53342862205
49685.538782599426
49051.69216215153
49829.902094506964
49867.5004659205
49178.13380665019
49480.6236634405
49840.25823227625
49051.86762405964
48406.21934835333
48874.48870392094
49099.82259088047
49416.7535123993
49004.29174849829
48697.743550663254
48047.0071026503
48639.62796091212
49329.70653571312
49882.72154108749
48155.44342861581
49133.0730964554
49671.48333588254
48992.1822043258
49666.43307589213
47890.217353710104
49040.182812252606
48502.81470402698
49767.667779411895
49326.99118831195
49302.39614080316
47747.340832944
48354.998473009946
49525.00044921416
49882.65577064578
