20.25532887867674
851.5106917313977
79.80562429247219
546.0171823887266
1050.4122072201285
-100.8086663669662
426.0587310572298
845.1441697968554
-186.56621633336732
334.10717172170956
844.3222230739774
-149.79500610493616
238.58353874040878
1036.4145421682756
129.75545063577783
848.5754252516908
291.3577318722806
1898.1422631367507
1014.7043149470736
1578.9014046331988
251.3256637932118
1009.1368333657123
396.59365864656013
1210.8318809225111
1127.372847768488
-57.01473449310329
489.43975086361183
107.86150748966247
1015.7491053053251
445.7532777630319
1391.0759823121277
1494.9833361593633
599.5113501659147
2418.4022038454627
234.11100074883618
1570.3314702191856
1182.6101115290246
413.9075776130224
2141.5179747046573
212.549589309975
1331.3089430968141
795.9987264762477
1496.356674314367
541.4601345172449
1465.0684945049165
275.4493829512638
1031.9836813659
547.3859796783864
1565.4331418036236
1291.0037081406215
2677.401686852176
1715.4300457419638
1913.7929373002814
1249.4534456791944
2739.630520383173
1868.5124081198226
3711.3237424525933
2896.8655259886104
1458.5041368954185
2183.8831789869255
3453.720311482891
2759.041514390346
1743.616551162081
2368.7902089766785
3217.1433113947173
1675.4664042531867
3049.146128656025
3961.9982446676695
3550.4015393796826
2342.8725743959453
3093.719242086105
1642.4917855577748
2135.4026336361094
2613.002120774753
1754.7474794485126
3662.5429221441386
2557.48876894849
1928.9508625033022
3199.5053254328313
2794.7303557331693
3578.835883052774
2123.174071101792
2882.4443193041193
2182.353504144168
3635.5145073466147
3061.9761908998253
2015.5465495605313
2765.816210035233
3112.4976083138513
2462.0875975560166
3315.64948158239
3987.47736546787
3198.381067133772
2303.8744994558087
3839.550437921175
2927.4621588966947
1977.1793440357417
3673.7348005427043
2628.5899715092696
3474.7974636833837
4608.111886345216
3663.8952338965464
4888.211589225855
3315.6024589123454
4289.490786582456
4566.572956960723
3924.114729367544
4373.094303812797
4778.5667681593295
4170.22581627498
5021.09587149354
3650.822815841437
4324.804326516806
5504.3264385396105
3991.718173663225
4777.1677341891
5598.666937259628
4850.366230128163
3913.940325939711
4216.183375539494
4773.63640630565
5687.867650255302
4412.2922197171565
5233.294085767176
4617.820591286968
5922.565255401343
5453.438005043563
4035.1303974409134
4835.8293332089315
5655.382084941773
4323.231774267032
4922.310753168413
4252.90544140028
5623.465733373786
4716.202503650615
4775.1834706029285
3840.876108183904
4313.069132476313
3810.1609042689242
3788.467686994361
4626.497873313948
4881.673619527473
4263.664688992626
5679.141149666684
5662.546860238302
4827.412911081069
6591.451258144793
5428.3127602675795
4364.363520483068
5033.851886116843
5316.848290710672
5993.759447331652
5414.999362955852
6080.75409510997
6528.140361286978
4952.373796222401
5586.872961487024
7282.8034754190185
6172.1779906969
7611.438659301076
5510.568765690779
6774.923241165461
6919.0175424808085
6005.495978666148
6216.307649910423
7013.202912562115
6413.056595667883
7660.44027876984
5811.904391742261
6686.581522215808
7455.047919553549
6860.7946840932855
7287.061687107212
6631.915633754768
8028.273710804894
7477.484950359919
6716.567255567772
7979.762237223085
7424.978297419988
6131.2601812409775
6732.409572436071
6417.862894004901
6800.972366689973
6332.421568571174
7336.53195464763
5455.089586471103
6279.0435978794585
6108.282551079859
5056.094154522463
5514.801977876263
7198.4537862375955
6393.408916821246
7460.721927957304
7054.17261951397
6371.039688688438
7019.2358628972715
7625.718845204519
6089.764065968787
7079.642843673456
6864.695103176538
7769.09322074181
8710.054814301473
6774.530164013152
9560.452534456452
7082.0018504903865
8636.730794348132
8893.067254407837
7957.045226879309
9520.418311337933
8366.08694810971
8368.37027488598
9983.793010020361
9132.214832942924
7863.395212672242
9712.747246405605
8839.887737135497
9755.422419688488
8548.976757441906
9227.689084171996
8612.952467259125
9860.280780644125
8304.505805858958
9144.514566174808
8926.032484285268
8528.591139069807
9387.515368291271
8143.699525478982
8584.049866020025
8734.418581865813
9554.60977657503
7632.182490467327
8733.656993862543
8388.202144353212
9158.366720814118
8310.84570240951
9036.027983534756
8272.565534620397
9316.293083623374
7938.754525996264
10043.139092884221
7951.024081843302
8645.650081072903
9367.158941413418
7843.137051985593
8611.297178299044
8635.616705875405
8975.149389849044
8332.671381958948
9486.35669354639
8064.754889001857
10065.88417177396
11340.88291205786
10697.604295168725
10773.254653092676
10195.325511797482
11671.934061494281
11533.171645693617
11094.607810903299
10280.757765993108
10662.986644988974
11870.6181965995
11307.040366986965
10637.840247971115
11421.04857743719
11078.185319253318
12025.363439612585
10345.229580360436
11767.949860721277
10511.437578955667
10638.084738242935
11245.36603503461
10013.124017957702
10818.921491124633
10112.983383555731
11468.512211653227
9276.965009525724
12192.31097880863
10353.008197074665
11299.6721427559
10465.769124720351
10926.062057756819
10136.481894242923
11540.266634163598
9721.214029669085
10861.442069232291
10363.403742141107
11456.564468790204
11060.81157895413
9711.355061852688
10195.249066032073
11689.087728618542
10973.364683405794
10184.501757961703
11225.765698036132
9370.378865034108
10267.200582176894
11178.962983623853
10596.881347971457
11202.648974098021
10025.7534185827
14150.440360534096
12381.111618604391
13263.977981907667
13010.06109586411
13751.026721006743
13295.516754992494
12185.50242432771
13571.565827727132
11904.571223505875
12564.289222545101
12704.048810729106
13941.898981280927
12048.624520817599
13007.55378905561
13983.869266141868
13290.499394131173
13688.06920364246
12563.96028076093
12945.537080420378
13694.943549093805
12270.825511709425
11967.357634600876
12851.179412698435
12679.719766231308
14163.690968128929
14679.102627373366
13529.084746331708
13448.84276145279
13059.518781891355
13564.165952709884
12378.54851947591
13733.187179478324
13072.986401492872
13675.361155717279
12254.38014830416
12979.622755773007
13430.185407807869
11956.851851488855
12736.226115326417
12313.8560420193
12872.738721616714
11952.77716866172
13494.526313990515
12607.810230779274
13251.018301331307
12160.132919419948
12644.68113255121
13531.318539822109
11840.385177111724
12371.328102891848
14823.276969550567
15485.746573538403
14528.885500022025
15460.974007037807
13732.836933351182
15285.437447190174
14073.747681582341
14849.37444186524
15500.074328887098
14483.752808204621
15257.251383170096
14838.38080249922
15812.541453206006
15509.07932547055
15210.14542183679
15304.545080339134
14433.4825292225
15284.493007459578
15998.933293811542
14790.914241635748
15432.361358267579
14768.118694215218
16175.125262617219
15537.655926704265
15372.873518941695
13968.864992405908
16472.018093068826
14094.744407091372
15955.518825395478
14461.307840686764
15180.075013947657
14439.672589053747
15132.74084496268
14319.86780719001
14816.888828707677
14111.868401472268
15302.279253017337
14589.822344427252
14045.672427632457
13331.538757911812
14757.771704642228
13598.45612331014
14408.870927337688
14137.32147261568
14849.68522953649
15087.953557036379
14192.461788108722
15388.293160217736
14607.319659294039
14392.712615432554
16234.293236475305
17729.354296579124
16967.891340329712
16975.636759102646
16067.562825631388
17916.087825073973
17504.591684044906
16841.240945703717
17797.06821734263
16057.58087663447
16844.330100836225
17685.922270806954
17436.724897380864
16382.634705371687
18184.724662439083
17596.435845185013
18455.851502670637
17066.206903987422
17973.284415357757
17597.266781942428
16865.204788757215
17874.352781271158
17145.80051255159
17562.188515355894
16532.5730115575
18130.619703528886
17530.073103265535
17320.17290961825
17858.682349417544
16857.29486360997
17578.520678968438
16861.026354314974
18159.157291323954
15992.701818603418
17453.102615941774
15513.370562315864
16192.856116566523
16900.028947664687
16234.021755342894
16341.844996209904
15466.095535565342
15780.464384847159
15176.401009258632
17002.37658429562
16294.673372783378
15552.68894220547
17250.94394254277
16223.860812743986
17249.658341134455
16287.468449551263
20110.14053206588
18530.814358088806
19297.985010977365
18696.813839745733
19813.18113642416
19292.43933654794
18416.67254395431
19782.168343097732
18804.157871908417
19130.089330715553
18454.857085772306
20330.119987388665
19497.11477055772
18987.429933729672
19534.48799862673
18881.72862641521
20147.272240368675
19151.520438477142
18909.806905949627
19446.999565012648
18374.76338525495
18854.334945219718
18091.967700404715
19767.7262708793
19634.776652066153
18898.41167907732
19619.439132834974
20029.61699030266
18204.400365569043
19084.26456827594
18321.957327922795
19685.980562698074
18984.06558698245
18868.773271973943
19777.396697042266
17885.976684940106
19520.651057634128
18850.53727947011
17004.89485386548
17089.999077376913
17882.622063341852
19248.32708020709
17813.70152564487
18469.21237431044
18795.71442550828
17986.884029227826
19946.035135901286
19369.223249445335
18680.206984964985
19814.85512321775
21776.13556174554
20915.51117775164
21567.68318154228
20538.338309703795
21237.79988166175
20210.68154714695
20992.834857417718
21964.72762364956
20966.819321987055
22867.842201185256
21936.229929730274
21340.872109100463
22274.83947264968
19899.651295413256
22203.368699606137
20463.793438424233
21198.27385344106
19855.17688704222
22396.55582909531
20550.70874258247
22203.813990720006
21553.117445182743
22154.226857914186
21695.984681530204
20331.612320371783
21064.787885535527
20283.615865129283
21078.804453514054
20963.32576407745
20194.212403862162
21876.107530267258
21767.813368991952
20978.73243416715
21297.572023019377
20373.59124889898
20660.840091528447
20300.52600605063
19810.32335516763
20599.29484406496
19876.283157555492
21252.516647272176
20680.314887144614
21883.998311917672
19814.658284662193
20688.310430590725
21554.48736646672
21197.581421766703
20344.892848922012
20723.102125951795
19745.906959104414
22282.298432771142
23088.441539888725
22618.448759573068
23557.99177346545
21839.823431836798
21790.09277534986
23165.088237119635
22481.113995612606
23587.577669759004
24059.330954220648
24616.985470856405
23781.398985673768
25200.683778814757
23006.938139612837
24537.28545738721
23063.41406358367
23696.447648401223
23682.36765148822
24189.021574788057
23012.2815153543
24614.14464252391
22875.735987975917
23754.10073874849
22474.16508329441
23692.626756806832
21794.207404781493
22705.17933216406
21825.540419854664
24048.694577296395
22459.226433638814
23284.95420546429
22658.43716876687
22296.56702890327
23466.681712655358
23181.45633366186
23499.83872494928
22731.121825187944
21553.347233186883
23613.32612813451
23905.34716593436
23222.397399153397
22530.39562380555
24254.807475443136
23386.172793205682
22538.079183008886
21565.936069153442
21866.64102559843
22782.509398911618
21200.361151996647
22531.950506086352
25562.26234930371
23918.45783595964
24762.936371625587
24350.97636335519
25214.745990194224
25028.76670370887
25893.798849219595
24118.11834525408
24736.63672306388
25325.5294210338
27854.33321998109
27032.002207981594
26309.671350566387
27032.265482668383
25686.884025636387
26818.94628657441
25965.71008054857
26074.678064198724
25389.683464054506
25121.569975460778
25606.769731704386
25301.270398097826
25486.557038056897
24626.040022839894
26180.561961437623
25695.797699914907
24981.709215912702
24796.376484107986
25523.42531215213
24773.172525834147
25375.22513765936
24209.449703488463
24966.821071349572
23961.270374812008
24247.26190311934
24735.632920006225
24252.913119025972
25402.27524483098
25050.258956155623
24736.135793823854
25671.9565908758
25360.40982658329
24671.46551383918
26266.658334836568
25372.80623275106
23697.411841731715
24507.335826748335
23603.862484353078
24166.17213800649
23208.308177953397
27610.916495022648
28088.84099836795
26389.108939509773
27144.466346301204
25892.33161312051
29087.03297591977
26643.88836519768
27209.886116696765
28520.999797253833
26543.715859490243
29165.92134689422
28374.767803152405
28813.754094210188
28727.86520714145
27902.08729667044
28339.80306401078
27613.04450248681
27099.11427038369
27894.761175752526
26417.160286907743
27037.363253377447
26157.51779390173
27679.459667674175
26903.602124447796
26650.227524547667
27609.00223999227
26189.875107178163
26836.81195868026
26285.223401660816
27491.367852528598
27034.143173368157
26298.572362897143
26876.998133206864
25960.76125891894
27785.148857432974
25847.99063921691
26464.878311707136
27228.5825371122
26151.02461779717
26657.823277832893
27374.511600274476
26480.800632230606
27667.76419320309
27083.94607638134
27766.89624638191
27111.427070947597
26378.01368384844
27360.060719605008
25461.537407642096
26295.540885714265
28961.33297408754
31366.473923386355
30598.949184134057
31642.949013606107
29715.023585016814
30908.958289490623
31499.821866125247
29985.631160897567
30563.602546769365
30814.10766407582
29783.03130873932
30254.108175120764
29197.498441604588
30318.68291291913
29478.77765147358
31076.03765443498
28902.82429248903
29769.621582063734
30393.000368761957
29646.147978271518
27993.049359528854
30000.8419216198
29069.966832918857
28411.47031344211
29998.54086222842
29319.87146065898
27420.818708626208
28301.66976864882
29023.049058280532
29448.31980559462
28052.710047487857
28614.875292644436
28954.6967446895
28055.826543820516
29590.38837060456
28727.946625628298
28462.667121372582
29446.51496821564
28102.63580340677
29100.93570149399
28434.643102749018
29488.212815849998
29037.904174273404
28462.532155338205
29903.939250954998
29218.522174778584
28410.400179709937
29445.780385788265
28345.982900881027
29118.66007985663
32943.78282791767
32149.891364644776
33394.992008813526
31385.295996360728
32758.51893177282
32447.279183502902
32049.216837682052
32348.929171595526
33073.46554280531
32804.54796382399
31402.860137034888
30937.20163471723
32073.799864664117
33285.44121238295
32704.905498413835
31726.646729972792
32526.52152315092
31803.285704905607
32228.63128145175
31499.626033280343
31636.51902539666
30826.34857039082
31513.49014307324
30770.33140526373
31492.537817895874
30214.713751745232
30654.134874206633
30750.290416653144
31380.457714304604
30008.3498376232
30382.71791166287
31252.582199502725
29138.017925867964
29599.830367302868
30345.648457490024
30928.178002308803
30127.48635293989
30258.31182710525
30906.53206286301
29819.28044662693
30208.452986209715
31318.02952304589
30600.05531726734
31468.942373800743
30499.917274900094
30517.381515170247
32166.325263643335
31357.1459059103
31439.11835617601
30630.993746079395
33853.69721986985
34540.85421029693
33979.03229059177
34494.80079912125
34130.76301316026
33384.05887573685
34680.74489007476
34061.77354688487
33419.75001751153
35103.9696076032
34668.03225587274
33883.99750840656
34288.48299169039
35272.86311557953
33523.44667347506
33447.17840348327
34325.24645806147
33263.724127534086
34176.327364137775
32559.019052963504
35043.346033340684
33474.71707866452
34320.71882887824
32061.26351504284
32715.870067188178
33884.79936275989
32177.031301797295
33098.73935897308
32184.988384458353
34106.483494675806
32695.43537509121
33445.806306007275
31811.257191597226
33659.322180176336
32355.589604805882
31694.771334102446
33142.09492341148
32607.070794014602
32116.32828078835
33428.719877720214
32863.47190345681
32386.94985997942
33617.953517615315
32474.649179946624
33323.64783400082
32910.5777321468
33629.95951435126
32973.048767234446
33694.270823646766
32325.22809748767
35976.59690870268
35202.15104462578
36982.59140524867
35145.670951250504
35924.161417792704
36609.212439195835
36679.419689470415
35237.32763690333
35985.74320589379
36649.8828850294
35590.787667608936
36295.7320467099
36169.31415833986
35842.20214135034
34999.911707934414
36572.967243549734
35389.04501147288
34911.155606212604
36125.115797797174
36130.60918603084
35635.79332223649
36435.00306962344
35869.24316515263
36747.49975710132
34829.00858868829
36462.293470578115
35494.75210429085
35805.21907178773
34773.63506050566
35904.30909328399
34988.73581790103
35942.201685605185
34170.21736354443
34759.52889566676
35643.174756092325
33968.52495727464
34865.751597257135
34137.62353335106
36239.95179213399
35570.21450054875
34810.67708402061
34444.756041360466
35591.78068091223
35873.771887710296
35187.63195911526
35390.43703294864
34024.35499840762
34644.072058159916
34457.273264586474
35220.2501756777
39605.7841571077
37947.276611709334
38856.8726969779
37376.135480971665
38219.80797057828
38108.684850430305
38919.72592561835
37400.65193755766
39342.67375999561
38638.7315574591
38075.958205963725
36965.215551739224
37026.317724604494
38998.81277082178
38535.06929498304
37716.62188749219
39184.39293789016
39694.90832076292
38579.54127597125
36965.04009419681
39259.00568636795
37876.92611772646
37502.16463252773
38827.83453169463
38236.93109570001
37566.358266659
38356.64457845198
37054.65751580536
37587.51768581094
36575.0195171602
38318.3046222671
36468.33953969034
37065.93239055002
37591.69393623151
36927.592814567026
36486.27809947062
37259.55553050483
36925.72988673251
37902.470029984666
36959.13831771255
36199.63864792968
36498.978978366744
37151.46335111604
36660.97800755632
38120.432283667586
37490.18218530836
37032.45226719377
36284.06119556088
37787.44144316711
37144.65683705169
40308.486023534475
40908.4196282822
40114.16383754983
40363.88546536492
39575.33907815536
39690.32886679057
40887.65273517245
40195.89605680099
40794.17461939843
39310.759308671375
41086.155304914384
40125.92750338897
40473.86560287118
41324.87122677972
39770.831352744484
41953.21120023921
40684.32011415558
40218.43136411936
40652.97934725147
39989.6642588263
40561.43428652877
38552.945834600505
39604.11897133311
39755.852754086925
38565.634259588776
39138.54181236575
39261.84580120738
39118.187507330535
39877.75935181104
40479.53699170735
39784.980989000534
39079.08213069502
39547.437976601286
38685.024061641445
39712.22899336916
37879.1705448225
38630.1177001694
39243.63698195088
38901.08158719475
38614.10059107094
39472.68299927957
40232.36292447265
37785.86765292273
40254.38247899764
39196.75217062481
38113.02464825764
38596.13927876143
39278.910496515935
39010.35600136039
38343.900738083285
41914.30067218038
43192.993504909486
41737.15944305056
42654.23000934167
41198.33339961469
42082.70383103026
41137.66295235512
43185.87193516344
42513.95129563143
41690.49542312725
43256.18993211193
42417.00329575272
43240.99554946751
41667.49232050287
42524.40058879702
43043.67554914285
41478.84308711573
42089.129423688835
41999.24130049549
41954.31495505553
41286.03923510848
42383.39414725545
40597.19336354328
41198.60616695613
41554.94291177129
40145.904351200574
40714.61053454364
41199.13467766952
40487.476462211634
41816.69062654741
41110.6913652978
41461.14983696797
40367.32973134225
40535.007541983825
42142.1052421273
41351.19838984549
40213.87978838692
41700.151791883254
40937.8705211346
39521.83081540361
40373.692468388
41150.98111359207
41839.62542123028
41037.64192350623
40773.45511810363
41674.89140648718
39932.5868626747
40551.70614624884
39721.96457061146
41340.132347612176
44349.97200319686
45117.6756767597
43650.33373460211
44488.45766337469
43391.880206902075
45516.51000511486
43957.44983102311
45250.07375832617
44739.03788517607
43980.84499460775
44964.86988584268
44157.635224296915
45087.857527551096
44550.07367676979
45246.44066949304
43905.75985572264
44258.36681997794
44980.51296476418
43616.11007352137
44369.136011631235
42802.34074056555
44092.80388923214
43238.23644994124
44336.596613877366
42797.36733182506
43614.16579198151
41952.2823268911
43128.75376541509
43881.16048834044
43338.81269076202
42428.13527106188
42493.087695785885
43715.70983908501
42658.94033354197
43819.864022192975
43061.46674162586
42421.329048157764
43678.628084412725
42979.115856175995
42069.49798001947
43862.09462726962
42630.90662117137
43496.46260208035
42323.12585286251
42994.17471612829
41768.819653916995
43550.31180167806
42370.73806396392
42622.21989856167
43231.30237696102
46071.41571648437
47137.14325132319
46555.86069013408
48086.80376783432
47177.519091105016
47174.69496410194
46034.55504799485
46884.06317351769
45525.77013983881
46184.45492269948
46808.120640354144
45887.04752606049
46692.16825544225
45853.99538919525
46311.41345540125
46935.967655224485
46035.74441287121
47044.3821928376
46333.29895739098
45591.97729146883
45001.255876677766
47018.38162125642
45926.65870461043
45025.17783828284
46348.5122080378
45704.368823095494
46137.20205809525
44440.307878585845
45144.2064200629
46166.10341972101
45624.894711052344
44269.0410324016
45007.10667689053
45365.48999097033
44570.62360907624
45137.44391257885
44375.51826211535
45553.14279338154
44682.44392376635
45527.7191208459
44985.373899237704
44249.36942361837
43667.41406701964
45306.631483756915
44161.90639260491
44740.88083478898
44184.04741302022
44943.86916351794
44466.432927205016
45137.09698971209
49819.85758073339
48022.43317645877
48899.32504830073
49510.652191633126
49285.770137635736
48888.66526370692
48633.327993966595
47903.87747949166
48951.50363280032
48544.10016846482
47952.14279005361
48501.55493848521
47431.069110824916
49280.06237503624
47604.46001247808
47681.467229098256
49025.10682739222
48337.03629548005
48460.1313912675
48184.76796215879
47737.637122027256
48633.261522371446
48379.45149395097
46947.96005200309
47777.37453686014
48527.38612703417
46955.21842111203
47540.45637484784
46829.89768902854
48221.86858212047
47619.98024570533
46213.70051242113
46842.00201527602
47103.74384574784
45892.901332183785
47521.53392668061
46299.840590182284
46891.46378673531
46254.64473281445
48197.76279000054
47172.43570839907
45901.21460544036
46755.467767856055
46306.12140324008
45601.774385840414
46918.64341477178
47206.624208415975
46381.4527760514
47000.317449332484
45807.344150730896
50503.39642291207
51854.31782453496
51169.77952137325
50573.78819620819
50053.92837052925
51439.49513707736
50683.58584699899
49874.03910336343
51302.955731497255
50874.909193454834
49123.125959177276
50112.71435811815
50607.21530955421
49741.967522015366
49032.045305636
49742.667187073246
50471.55767832106
51403.218843778086
49682.84386759408
50298.27726756225
48997.44284470712
49404.65911280525
49825.221894015594
50600.98235071372
49065.89656999632
50043.000946026834
48400.14119857759
48879.34657204976
49115.694320043345
49524.0815575784
48978.871389507214
48762.72058440369
48054.532318689555
48613.58167908601
49281.91570114449
49821.50232085723
48055.59169187457
49108.82875957953
50117.063356664585
49653.48371692262
48999.713592714295
49702.630369779916
47863.34067235053
49023.07042395941
48507.623229605524
49802.51376711701
49308.338634510896
49341.80975498437
47736.165949488735
48387.55533601441
52418.386141719464
53368.18769338643
52844.384533216995
52167.28591245487
52904.897104773314
51398.279056114035
52004.24534636726
53622.483542259375
52691.824875874954
51856.56674137686
53291.354438744784
51211.17638720769
52659.59357285698
52026.958813009645
51477.266133404795
52072.86471164926
52647.7099134392
52014.32689910144
53118.46628771054
51381.31793881194
52386.66759370952
52198.52506244017
52462.9609673802
50904.43958315513
51620.00116642735
52183.68136570066
51215.06544454046
50890.04008323417
50306.59364048054
51225.16794759135
50586.881781024786
51832.00338952066
49568.68283670297
51924.75247168302
50020.40046958023
51062.66646821714
50554.99429618439
51226.97270271985
50998.75963652684
51778.83648377004
50554.5779769732
52296.44898672322
51327.52740907148
50389.696155954276
50690.29635290344
51579.46796074915
51721.30871465591
49889.62052391898
50350.44020104997
51101.18345395172
54083.12928038186
55122.39479302587
53001.269632713476
54975.18139227338
53421.185713222694
54612.78265278786
53880.950105184216
55405.95877248865
54609.015377025215
54185.21400833733
55146.74485156912
54931.92335703823
53445.24224557059
54258.41377195462
52735.45746722084
53494.81403923711
54769.67965827811
53967.864354083256
54833.17110856142
52834.53471770451
53449.721941108204
54084.50499546722
54798.43885736344
53335.20382685454
54238.35612777225
53718.50887804187
53024.79464367398
53693.36089670458
54319.36636603609
51737.294164691935
53926.85038408404
52830.56420432421
53109.815124914516
52383.583028657704
53647.78782337652
52743.03562719337
52729.267461923395
53332.83193262236
51785.9304748154
53783.63038716199
52505.07853093445
52817.144232851606
53229.24216219928
52709.30867589605
53844.52400957163
52170.214985840634
53174.69242019427
52697.84552430183
51987.97937955526
53658.62604328826
57391.14285179905
56074.88913211795
56710.19799268416
57447.07177642889
55579.25317124819
56812.576292218226
56199.491589951955
56889.58725168467
56232.44936400821
56654.94335144298
55458.57065241692
55945.1198591854
56784.1138798937
55823.213320335715
57036.28687955587
56345.46482620588
54957.862332522476
55615.78401463526
56338.700395427215
55776.04597205855
56864.90223574052
56239.37994337806
55549.97343439504
56239.7316928298
54936.41721871577
55656.24659446452
55354.27740383656
54419.41746069414
54930.54047257912
55609.98930419453
55224.62961051705
54633.21752682413
54542.28317862267
54915.04819335641
55430.28202896085
54583.04059355136
55292.826559320005
54254.26240058923
55393.26757635848
54643.34305327032
56004.27414936685
55190.10859457068
54536.726237870265
53989.11094324253
55155.50348564144
54458.29047407716
55389.270460023436
54523.497158445265
55763.00357318746
54778.58126183467
57995.35455834207
59243.978650411926
58746.910085882664
58163.12080556918
58672.845896729275
57584.97021828866
59095.7784544832
58040.733760923365
58369.089238410386
57066.772599760865
57787.004436031704
58335.902629324635
57499.59352311431
58532.32047700576
57562.93146909933
58046.0694820504
58258.7803625857
57835.592677703906
57516.6059601443
58085.8260618216
57369.6191021413
56668.41630685083
58168.89071327688
56869.85660689667
57627.01305825557
56999.04200071845
57938.103418488274
56105.836067110075
56825.398562776645
56138.808411814454
55749.12668064298
57425.88014787297
56518.50348148968
57502.55005689018
56869.29074306434
57818.91500887269
56039.175545908634
57262.312929729356
56221.333873441516
56693.70089003534
57558.773139456884
56827.03294227512
57583.892617169564
55599.57146558425
56068.3897480622
57060.336934081
56366.737237451365
57835.130663401666
57636.233635649354
56954.18650118024
59646.147161605564
60571.20203150149
58910.847972354444
60324.86128816243
59432.955827712954
60564.94381928034
59940.31507287422
60355.33279548851
59576.22768414422
60899.00731909604
58907.41620885143
60052.26157937814
60590.04935818456
59193.756791236985
59769.055938171165
58993.14153226789
60377.11366687812
59557.781648245604
58721.152206696985
59418.71856944016
59835.54224779893
57899.88374347534
58505.66263499397
59198.59590247991
58490.815933105725
59909.60939087429
59293.05149911597
58650.48129788511
60109.60321816619
59436.45872281612
57846.90633283371
58918.290866052084
58292.41157496274
59199.764976738166
59032.21066779943
58278.709814256064
58630.328211495726
59763.18929983742
59249.742767858894
58527.10922400912
58803.20043616998
58137.67588519952
59281.491642634224
58283.941113851564
58670.26915775008
59974.2577776084
58513.3768510907
59292.22586416131
59147.97665474593
59747.875814664665
62003.66130016453
61322.078242354895
62292.400844178155
61019.37940646232
61675.827845785156
62739.188443677194
61113.41816016911
61996.53443768748
61073.538454511785
61524.46533628961
62704.46620696422
61535.81081495095
62066.844288867294
61224.9091210059
61939.19790785151
61374.75450635745
62373.738957597954
60238.64137454348
61765.843424420775
60997.672157113855
62281.66063708094
60237.79828614971
61708.57812373064
62227.21355463432
61222.61106744977
61704.99782032752
60520.33652796893
60948.44880192851
62222.31447991578
60734.26705241244
61531.75057116644
59994.35653323113
61317.75381872766
59778.79023917865
60473.161198215705
61082.29241811467
60310.322325932524
59763.26957166382
60305.252049611
60666.5116936029
59753.465986200725
61527.58851050055
61049.100600200945
60155.506780661395
61474.32049452484
60808.96676934022
62115.43631423015
60720.2750546828
61702.05889019154
59229.46558970722
64528.827172060934
62830.47577483514
63701.73223721027
64190.478678630636
63354.85247611663
63432.73466324581
64592.57481060723
62895.76372868569
63997.29144072679
63524.193243371985
63800.4831227268
63287.211081371475
62688.895261023106
63487.40065070068
63112.11804966165
63638.26778401797
62638.584277333226
63198.79609243402
62919.643093549785
63944.83652074238
63819.80844113629
63107.54046081468
63858.632914667876
63406.98303990701
62816.29538394603
63541.48642450692
62918.2906771616
63711.40444941848
63147.99948145913
63876.25183393883
62200.03380984753
62476.705991439274
63944.95944366096
63341.444805763196
63041.12140738773
62117.84172433355
62831.851120376115
61920.92721458252
61425.58097043841
62058.17667680876
62696.638091683904
62042.8759516429
62703.05180708577
62175.64004125391
63189.33628113983
63174.310856025506
62710.910155387595
63327.73959063413
62541.05696097826
62172.77215446184
66592.82995453631
65214.59148380943
65856.66263858668
65813.68803161029
65101.72971677436
65311.09873096671
66172.98117439801
65699.62858696937
64291.03704559436
64969.89005065392
65259.686464309714
64585.729606113004
65807.70887199519
65505.6594558207
66088.71848007131
64475.47399095074
65176.971051875495
65471.796913621285
64512.47875601736
64792.7415497721
64577.86911603539
65443.057583039445
65945.82579571493
64398.6092997333
65153.249037926114
66316.97284755568
65619.38740433457
64202.4623099092
64894.67213302022
65351.75735457869
64563.564890984635
64793.504230624225
64683.55388484424
65407.79426198229
65521.544288982084
65316.53089111259
63646.38643486818
63757.66873906301
64242.73420623324
63483.87409750421
63995.55992828956
63403.55842745805
64246.28577006523
64473.84278367373
65117.76452975038
63771.07549027102
63899.67118473093
64678.49551822451
64210.757141430884
65177.484382569965
67249.37470519796
68110.61734234633
66566.18057544772
68305.50032664152
67740.49186850083
67275.03853970193
67848.79095521089
67018.98189705028
68232.2801307537
66560.50205794361
67309.99940107849
67420.6714944455
66938.2551126876
66541.68005994712
66320.9756208943
68097.25598082028
67071.16517029815
67554.54919517279
66087.5446914441
66657.60337449588
66901.56800517938
66133.05720499737
67585.51552534576
68112.51855277029
66768.83852289489
67184.76602354296
67961.17635184656
66078.72898584577
66686.52343566231
67387.62453110292
65785.06125204309
66797.29169734435
66211.21892403692
67134.06484409251
66817.6872681059
67050.59501701094
65817.51544989368
64844.49446008546
66231.29258189713
66890.95079374802
65675.06733561517
65229.8149058992
67289.7033046194
66163.10769435714
66778.35790842318
65765.60683752992
65245.53650597048
66615.62538513048
65929.97903273247
66021.53940130792
68938.50970231087
70666.10772957973
69797.70885947552
68911.10844210896
68811.46228386128
69529.79671214557
70263.66966932724
69777.0289472724
69109.28859602564
69833.74490042885
67085.98731147638
70347.78928893383
68013.71471576593
69234.79743727918
68453.76237029604
70026.14087684067
69250.12207466585
69948.68070664539
67925.08329936261
68949.13441967046
69750.46998080095
68294.1020327057
68936.18479340852
70355.64466817732
68651.41923674569
69739.09537388515
69174.22033162793
69839.99412671909
68647.27334218156
67596.78840928436
68462.89343399776
67892.68030902075
68814.10259101215
67735.34714233498
69929.25512835229
68496.88039407677
69483.65345057503
67890.59359347724
68927.46951514158
67640.1176246717
68423.59502176722
69562.46474237181
67853.3212281751
69153.45015556998
68512.46261507545
69396.96205494693
67642.95830127562
67378.29740135322
68277.29328218718
67727.18072344156
71808.32649782677
71242.89553997765
71301.3618113806
70618.30623270657
72072.92140921965
71114.85587632906
71866.87495363136
71510.69810835547
70662.57508225912
70556.86954474132
72352.24291432557
71430.41627844356
72483.16184435083
70237.83749783311
71016.86355819946
72216.14770586554
70540.01774945362
72026.95321479918
71438.25489780646
70772.96036964374
72182.46072071466
71490.94635074088
70626.90267678071
71760.60087026704
70996.77286037874
71215.15455925609
70479.96055138358
70071.78503193273
71140.57442728596
69349.90513176635
69502.11410503626
71398.65684661432
70484.31215088646
71657.7635292633
70833.65180462692
70479.75630231891
71429.58992255281
69840.46300218132
70560.80595512559
70438.06668612987
72334.19401226864
70047.16324301611
71723.38704381764
70922.87705782759
70393.47051253945
71305.8425730699
70105.13060240274
70918.60342733638
69081.37367824737
71152.52395817946
72551.38854443845
74234.85365706688
73498.84045625817
72878.22678410025
73790.65081835414
72458.13752386921
74019.98580253986
73197.85580306913
73839.25513402562
72354.79851980672
73100.73034762382
73891.76656327142
73114.67101340364
73885.87526400211
73183.65425104031
74132.6517100363
73157.26895615761
74188.27059697693
72577.94450011647
73333.2965303496
74469.07473253115
72413.21044175893
73955.11275131177
73071.27318744827
72563.6974794189
73264.77230787463
72081.36734021726
74038.27273654261
71937.99072857076
72681.37751538551
73405.58260040527
73077.06415774595
72341.91984257087
72402.23301376225
73157.75135333769
71556.53648092457
72540.84447239601
72388.5521150103
73236.38101293845
73000.40633067687
73611.96859301861
73016.19843331614
73468.57717301487
72993.33829082418
72442.69020036672
71794.05078824582
73694.30803692462
73213.51709124382
72763.65956572996
72193.9791742244
74942.80096342954
75778.4820133438
74225.97070827213
76235.62753153165
74677.10600093778
75568.675818193
76302.79253580334
75472.33872586049
74596.00523234255
75094.64819174485
75734.90204485133
74464.21817874434
74936.04214331774
75978.92087442557
76610.93012098981
75962.84114822128
75375.0254683187
74859.13272100872
76262.96260100148
75637.10651022682
75351.60354567808
75960.27827495537
75041.8429182624
75875.30080075913
74413.7011269604
75148.03163939924
75605.1648089381
74872.32034489946
76301.77914855424
75453.6044430511
74567.60844877316
75044.80937598305
74034.67988353355
75425.56896180827
74587.92970338685
75955.85979189932
75269.47760959312
73803.78788004672
74438.22728253368
75649.69066564766
75000.72975655465
75608.66496898426
73687.05878646031
74189.7610313775
74930.54962559132
73574.01648075384
74310.15109485612
75632.70286941798
74836.23577887217
75520.75107258932
76508.15338057584
77903.68750131855
77219.1475543504
77726.45710558143
76824.66209843394
77354.58411350317
77901.51942124555
77194.00975652719
77991.64670480798
76408.95570498305
77271.26485410867
78371.5111350211
76465.6429663987
77692.76992367324
77066.87785027413
78098.43418131406
77381.0462021929
77032.23030109607
77308.06446213112
76342.79074564276
78007.11705039906
77176.53889413299
76701.52851268958
77468.40880766933
76593.37030427066
78154.40195463793
77574.52185535761
78346.85587542507
76757.90019264874
77372.2589111231
76304.55302823274
76785.51565347903
75881.69123160453
76339.7217776721
77439.67823009446
76910.7511582147
76477.23783294176
77620.45524442261
77326.87294879719
76998.48801974722
77899.72128032427
76301.68322580571
76936.99929030948
76087.82289478938
76516.58043355076
77377.82626367823
76092.43040312969
76966.73349676565
76498.85747365677
77583.54435916813
78517.53191899342
79222.9288186473
78425.59846239853
79896.58970728406
79114.32160635684
79579.55628521112
78704.44686997088
80111.21456216904
79367.13205272202
78740.28602783427
79836.15208460641
79264.79605203598
79914.04027298877
78930.57397365497
79402.74997985942
78646.0868099675
79508.81061062415
77838.91086187877
78272.08356230901
80191.09018386283
78911.9473543575
79042.61814454106
78814.4277080003
79748.38512895632
78410.02745530217
79088.93923105461
78895.99569265127
79537.89004726926
79107.0842131638
79702.45625012662
78995.94745490415
79958.61689717411
78269.85508255083
79207.59338909945
79585.26738642872
79001.61492726151
79992.98678773454
78292.09810161975
79255.65245974984
78214.6902365604
78634.49802842691
79267.25157694332
78649.96661297615
79448.47561860936
77810.24669216841
78266.71209210456
78916.38157207878
77740.80178937301
78345.85312014393
79120.16790145678
80561.34395203074
82483.12094346201
81512.87425421005
82102.48133895874
81566.9060122444
80915.76454996565
80315.07122129244
81812.30659962339
80961.43828467441
81460.92142124749
80585.65635169616
81333.47327176007
79774.41707947853
80537.64762424571
81908.82926656514
81198.91216285092
80320.39879986373
81791.9963273367
81128.7833876787
81253.17754674141
81562.16127933962
80529.9862893743
81005.27259583898
81844.73318819281
80402.7051688295
81162.46537374637
79645.15601228578
80220.6460354596
81001.03846530615
80470.6224923792
81646.30476039079
80855.39363871126
81792.96266701912
81177.03408324702
80053.1427822354
81280.6806031665
80598.91093357427
81396.15235877372
80501.77982898304
81023.77480891487
80050.00762879869
80151.01924923698
81927.41297356618
81134.43970995446
80539.48983222072
81384.09720572636
81391.95299300808
79849.56715761972
80596.54451170926
80982.36279599795
84105.33291620857
83356.7291063952
84360.46439225627
82820.89507710854
83658.2378073177
82158.1083756059
83630.56242789896
82549.189975343
83129.6292972562
83034.64373852001
82260.96696436546
82116.1356929279
82886.56347386376
83492.68220700193
82655.6852826875
83191.58088517425
82518.63760144128
83445.57203322552
82490.10565265016
83515.48951839143
82026.70583232614
82823.63887371925
83727.8647763553
83598.58199454205
82194.5579589205
82913.90645856594
81603.82062867118
83556.68055715052
82719.64994784682
83353.99271485694
82435.08644600197
83735.33826441843
82704.467850699
82063.99440964936
83013.15228907559
82145.54127254199
82986.99156685111
82658.0657942145
84454.37481495057
81863.89514834022
83550.19349123005
82577.54795965258
83332.90950826998
83013.48136264984
83930.35933238755
82066.54144251962
82197.50225829153
83148.09295528098
82464.05458061697
84022.43190932834
84860.2350740103
85816.63745642146
84459.3165079205
86274.59023196255
85001.74614533556
85602.36987026926
84816.28342334609
85661.8628475957
83804.4729280468
85691.14033868873
85055.75552040292
84325.71142326642
84901.00970099586
85641.86711092664
84019.10607469759
84927.59607881919
85204.43389385848
86038.49366619658
84289.1650648124
86409.54996356505
84374.2702706741
85611.19820185652
84338.99391592416
85071.47138868604
84998.45719233155
84907.44519911433
84313.59126014062
85155.37613060101
84258.01478160363
85271.27694407551
84625.47024890665
85977.2175466119
85530.38643685593
84591.42826125445
85291.06902432411
86117.17698539882
83883.89212137558
85728.10491796584
84801.59798300595
85228.18047689655
85740.22185032915
85107.57236418892
84215.08043472434
86213.30560890863
84623.02162150214
85482.38971250842
83745.18142300117
84571.24606001767
85369.32935857013
84794.79226796704
87023.63253124506
87442.43423652966
86742.4035430391
86713.1365845067
88103.81379480466
87536.83903691787
86322.57956233098
87040.20429070195
86382.56881482071
87746.795830652
87094.12648596495
87817.28663748421
86402.05503083124
88308.07508581437
87161.92020554835
87882.72042511827
86504.63350327696
87926.73473560234
87054.84648209487
87370.93390772112
86226.42073151478
87541.74383820746
86866.6765433403
86359.65401813597
85629.25282165287
87004.75968302635
86274.999226272
87839.80272619965
87238.6212339827
87803.86480262163
86681.67658949338
87208.74827854965
86629.88913092972
87586.63931707059
87009.0042106919
86426.81605404892
88331.8337701034
87329.23627175101
85881.30669350717
88061.78183803547
86556.92721398205
87327.21741751481
87039.64634862464
87939.22939261104
86427.69460762024
87743.49387574327
87003.73894594917
86262.4122287984
87430.40913994612
86971.57128729929
89676.95161072095
88494.59218584967
90334.58062144194
89371.73526262486
89696.94663084266
90090.95939594478
88904.9241755382
90353.67559833954
88260.21644037637
89423.35974039692
89794.42678159881
88657.8623537457
88801.40957054179
90387.69090631673
88529.96565725598
89288.85280982764
89158.41928174217
88849.38950493182
89820.24901209363
88147.33348779882
88058.10788162403
88623.06375223995
89203.76638787135
89814.08568742948
88718.69063106533
90008.30675545777
89333.94139901384
89448.3865467966
88798.6864152612
88530.19781558619
89886.61097748693
88394.14225480628
90071.99263677264
89164.03875658932
89233.83545843481
89845.83855052163
89665.20647570689
89286.4541857081
88951.23602135779
88533.87762397125
89755.30272635966
89311.82107010524
89770.68562025767
88825.09669854998
89763.2401440637
89405.880400738
88343.45909969312
89108.3523146103
87507.53636012811
89939.05677612872
92465.55911346733
90245.70274784742
90865.1575426995
90420.84275048706
91116.56231716284
90749.22156814767
92159.46881448619
91626.76920497676
92319.47852288296
91313.79300288654
92090.50672340748
91227.17165100614
91894.23485922685
90832.09461801934
92138.65819347928
89881.24224689999
91530.41246739849
90978.49943860857
91352.68223258146
92763.19616380427
90558.1324221733
92210.9861388154
90818.63880936912
91581.69082225187
90731.79951832065
92289.23044383094
91479.75483055161
90646.71541510105
92114.8506364847
91492.18964831422
92118.55826474118
91308.75193995348
90732.56906569435
91520.15337629152
90558.23988708074
91200.00695312658
90518.5309372761
91252.23647469487
90581.47450297033
91614.34573714317
91017.22121750237
90254.41271486715
90429.63534478794
92116.85318892493
91350.8108552013
91056.22692446597
91539.29095854722
90283.03056943619
90929.43913914324
90231.73752926616
93155.00613710166
93816.1564916462
91595.94482364312
94195.07374379835
92114.64684700058
93848.37353236253
92964.80010070607
94416.66862169236
92887.35326609966
93660.87569371445
94393.25365514283
93588.02207245542
94386.73101361556
92769.8788937925
93593.82651338718
92875.64774871412
93602.28145991142
93203.31776568865
94079.80633718187
93422.9880951326
94369.06902723732
94098.22564546719
93109.32900972395
93549.25058860357
92384.73702046371
92906.27619983215
93990.50122536649
93045.8147319085
94610.56276615814
94014.33926691921
93525.31022435986
93905.42161168656
92704.74328840962
93214.1915971951
92103.46346495919
92321.99164258965
93511.01813050578
93890.87765238722
93142.27797196266
92425.33027008864
92882.74326009759
91697.58654322264
93323.82402363363
92186.87388865661
92638.26826742667
93437.77407027014
92307.88529035712
93331.5107649399
91277.14281112164
92633.61628757791
94715.31965385894
95469.80942551179
94887.14428529561
95528.62480149283
94671.53085646205
95111.36475776229
95908.62218890601
94928.04641314727
96136.1600904403
95531.17673838613
95987.88330905043
95122.13233225426
96451.26595599216
95795.32230630197
94186.54919567367
95197.4855640886
96336.87620524436
94925.27373240373
95715.94564434311
95697.02024976192
94862.85399851389
95164.77725132144
96220.19657706603
95897.9085379076
95123.91020017887
96250.87555171156
94521.92429909791
95207.87135505708
95986.93238689081
95278.93897169654
95824.11872046982
94651.00563299307
95471.69797207415
94628.95852857202
95907.22899118518
95185.95258449286
95641.95883406079
94308.55436742965
94864.79195303548
94532.41234205588
93719.16213917542
95349.92620220975
94351.62251534905
95570.54196149498
94773.74161198929
95713.5847867825
94116.02966448592
94894.0505894287
94065.45529759768
95256.94383967771
97454.57674182765
96386.48014941748
98315.00707921291
96972.99132708693
98143.51605356649
96346.73382107179
97963.65524784841
97552.44637518977
96634.5325053033
97294.59224298778
97029.38630211106
97725.83900638357
96545.22192074757
97024.57857389552
97682.31201161358
96389.15748486074
96980.52501275731
98333.01060794381
97150.951065616
97040.11493570286
97788.40197754465
96646.68999576366
96854.53999977713
97395.52742605722
96684.22434817944
97190.60426453219
97797.72552515756
97364.1078034603
96586.95056511412
97427.00268049083
96598.19847810027
98088.96946030225
98236.12546831633
97567.46593891401
97726.19783203054
98282.88847019563
96739.09266681329
97689.27242599364
97253.19067158875
96268.19213117789
96810.03827227248
97598.76679753877
96186.28944251288
96555.46870749841
95767.1680325901
97305.17666976787
96551.71489048212
97639.3647611768
97115.1001799041
96289.41834183985
99702.34352361076
98759.72773141047
98998.29269963042
99972.21089661433
100287.92440336202
98551.72601163597
99885.51493030718
99116.35801394841
99640.16235354147
98555.40505696023
99371.87190486351
98536.49470081738
100190.62599552657
99231.33501126485
99892.03151822343
99104.42100106865
100110.71620627583
100016.95063391168
97912.30298896959
98736.27964881805
99354.69669426544
99882.51215174577
98921.21136563244
98418.69716937868
99643.57660747148
99554.81249710039
98404.26785905023
99407.9288074385
98391.41602023489
100001.07724960595
99210.06437795557
99768.9595605766
98947.04146547071
99794.56308062482
98595.44445315406
99344.50325905555
98979.3309119931
99888.92114509968
99599.79723185822
98417.38968829918
99481.74714133776
98647.25014047115
99727.88459945672
98338.35738483634
99099.04152396024
99479.23908299036
98751.56080936753
99613.59347649818
97939.01544344942
99121.89250547104
20020.255328878677
20851.510691731397
20079.805624292472
20546.017182388725
21050.412207220128
19899.191333633033
20426.05873105723
20845.144169796855
19813.43378366663
20334.10717172171
20844.322223073978
19850.204993895062
20238.583538740408
21036.414542168277
20129.755450635777
20848.575425251693
20291.357731872282
21898.14226313675
21014.704314947074
21578.901404633198
20251.325663793214
21009.136833365712
20396.59365864656
21210.83188092251
21127.37284776849
19942.985265506897
20489.43975086361
20107.861507489662
21015.749105305324
20445.753277763033
21391.075982312126
21494.983336159363
20599.511350165914
22418.402203845464
20234.111000748835
21570.331470219186
21182.610111529026
20413.907577613023
22141.517974704657
20212.549589309976
21331.308943096814
20795.99872647625
21496.356674314367
20541.460134517245
21465.068494504918
20275.449382951265
21031.9836813659
20547.385979678387
21565.433141803624
21291.003708140623
22677.401686852176
21715.430045741963
21913.79293730028
21249.453445679195
22739.630520383173
21868.512408119823
23711.323742452594
22896.86552598861
21458.50413689542
22183.883178986925
23453.72031148289
22759.041514390345
21743.616551162082
22368.79020897668
23217.143311394717
21675.466404253188
23049.146128656026
23961.99824466767
23550.401539379684
22342.872574395944
23093.719242086107
21642.491785557773
22135.40263363611
22613.002120774752
21754.747479448513
23662.542922144137
22557.48876894849
21928.9508625033
23199.50532543283
22794.73035573317
23578.835883052772
22123.174071101792
22882.44431930412
22182.35350414417
23635.514507346616
23061.976190899826
22015.54654956053
22765.816210035235
23112.49760831385
22462.087597556016
23315.64948158239
23987.477365467872
23198.38106713377
22303.874499455807
23839.550437921174
22927.462158896695
21977.179344035743
23673.734800542705
22628.58997150927
23474.797463683382
24608.111886345214
23663.895233896546
24888.211589225855
23315.602458912344
24289.490786582457
24566.57295696072
23924.114729367546
24373.094303812795
24778.56676815933
24170.22581627498
25021.09587149354
23650.82281584144
24324.804326516805
25504.32643853961
23991.718173663226
24777.1677341891
25598.66693725963
24850.366230128162
23913.94032593971
24216.183375539495
24773.63640630565
25687.867650255303
24412.292219717157
25233.294085767175
24617.820591286967
25922.565255401343
25453.438005043565
24035.130397440913
24835.82933320893
25655.382084941775
24323.23177426703
24922.310753168415
24252.905441400282
25623.465733373785
24716.202503650617
24775.18347060293
23840.876108183904
24313.069132476314
23810.160904268923
23788.46768699436
24626.497873313947
24881.67361952747
24263.664688992627
25679.141149666684
25662.5468602383
24827.412911081068
26591.451258144793
25428.31276026758
24364.363520483068
25033.85188611684
25316.848290710674
25993.759447331653
25414.999362955852
26080.75409510997
26528.140361286976
24952.3737962224
25586.872961487024
27282.80347541902
26172.177990696902
27611.438659301075
25510.56876569078
26774.92324116546
26919.017542480808
26005.49597866615
26216.30764991042
27013.202912562116
26413.056595667884
27660.440278769842
25811.90439174226
26686.58152221581
27455.047919553548
26860.794684093285
27287.061687107212
26631.91563375477
28028.273710804893
27477.484950359918
26716.567255567774
27979.762237223084
27424.978297419988
26131.260181240978
26732.40957243607
26417.862894004902
26800.972366689974
26332.421568571175
27336.53195464763
25455.089586471102
26279.04359787946
26108.282551079858
25056.094154522463
25514.80197787626
27198.453786237595
26393.408916821245
27460.721927957304
27054.17261951397
26371.039688688437
27019.235862897272
27625.71884520452
26089.764065968786
27079.642843673457
26864.69510317654
27769.09322074181
28710.054814301475
26774.53016401315
29560.452534456454
27082.001850490386
28636.730794348132
28893.067254407837
27957.04522687931
29520.418311337933
28366.08694810971
28368.37027488598
29983.79301002036
29132.214832942926
27863.395212672243
29712.747246405605
28839.887737135497
29755.42241968849
28548.976757441906
29227.689084171994
28612.952467259125
29860.280780644127
28304.505805858957
29144.51456617481
28926.032484285268
28528.59113906981
29387.51536829127
28143.69952547898
28584.049866020025
28734.418581865815
29554.60977657503
27632.182490467327
28733.656993862543
28388.202144353214
29158.36672081412
28310.84570240951
29036.027983534754
28272.565534620397
29316.29308362337
27938.754525996264
30043.139092884223
27951.0240818433
28645.650081072905
29367.158941413418
27843.137051985592
28611.297178299043
28635.616705875407
28975.149389849044
28332.67138195895
29486.35669354639
28064.75488900186
30065.88417177396
31340.88291205786
30697.604295168727
30773.254653092677
30195.325511797484
31671.93406149428
31533.17164569362
31094.607810903297
30280.75776599311
30662.986644988974
31870.6181965995
31307.040366986963
30637.840247971115
31421.048577437192
31078.185319253316
32025.363439612585
30345.229580360436
31767.949860721277
30511.437578955665
30638.084738242935
31245.36603503461
30013.1240179577
30818.92149112463
30112.98338355573
31468.51221165323
29276.965009525724
32192.31097880863
30353.008197074665
31299.672142755902
30465.76912472035
30926.06205775682
30136.481894242923
31540.2666341636
29721.214029669085
30861.44206923229
30363.403742141105
31456.564468790202
31060.81157895413
29711.355061852686
30195.249066032073
31689.087728618542
30973.364683405794
30184.501757961705
31225.76569803613
29370.37886503411
30267.200582176894
31178.962983623853
30596.88134797146
31202.64897409802
30025.753418582703
34150.44036053409
32381.11161860439
33263.977981907665
33010.06109586411
33751.02672100674
33295.516754992495
32185.502424327708
33571.56582772713
31904.571223505875
32564.2892225451
32704.048810729106
33941.89898128093
32048.624520817597
33007.55378905561
33983.86926614187
33290.49939413117
33688.06920364246
32563.96028076093
32945.53708042038
33694.943549093805
32270.825511709423
31967.357634600878
32851.17941269843
32679.71976623131
34163.690968128925
34679.102627373366
33529.084746331704
33448.84276145279
33059.518781891355
33564.16595270988
32378.54851947591
33733.18717947832
33072.986401492875
33675.36115571728
32254.38014830416
32979.62275577301
33430.18540780787
31956.851851488856
32736.22611532642
32313.856042019303
32872.73872161671
31952.77716866172
33494.526313990515
32607.810230779272
33251.01830133131
32160.13291941995
32644.68113255121
33531.31853982211
31840.385177111726
32371.32810289185
34823.27696955057
35485.7465735384
34528.88550002202
35460.9740070378
33732.83693335118
35285.437447190176
34073.74768158234
34849.37444186524
35500.0743288871
34483.75280820462
35257.25138317009
34838.38080249922
35812.54145320601
35509.07932547055
35210.14542183679
35304.545080339136
34433.4825292225
35284.493007459576
35998.93329381154
34790.91424163575
35432.361358267575
34768.11869421522
36175.12526261722
35537.65592670426
35372.87351894169
33968.86499240591
36472.01809306882
34094.74440709137
35955.51882539548
34461.307840686764
35180.07501394766
34439.67258905375
35132.74084496268
34319.86780719001
34816.88882870768
34111.86840147227
35302.27925301734
34589.82234442725
34045.67242763245
33331.53875791181
34757.771704642226
33598.45612331014
34408.87092733769
34137.32147261568
34849.68522953649
35087.95355703638
34192.46178810872
35388.293160217734
34607.31965929404
34392.71261543255
36234.29323647531
37729.35429657913
36967.89134032971
36975.63675910265
36067.56282563139
37916.08782507398
37504.591684044906
36841.240945703714
37797.06821734263
36057.58087663447
36844.330100836225
37685.92227080696
37436.72489738086
36382.63470537169
38184.72466243908
37596.43584518501
38455.85150267064
37066.20690398742
37973.28441535776
37597.266781942424
36865.20478875721
37874.352781271155
37145.80051255159
37562.1885153559
36532.5730115575
38130.619703528886
37530.07310326553
37320.17290961825
37858.68234941755
36857.294863609975
37578.52067896844
36861.02635431498
38159.15729132395
35992.70181860342
37453.102615941774
35513.37056231586
36192.85611656652
36900.02894766469
36234.021755342896
36341.844996209904
35466.09553556534
35780.46438484716
35176.40100925863
37002.37658429562
36294.67337278338
35552.68894220547
37250.94394254277
36223.86081274399
37249.658341134455
36287.46844955126
40110.14053206588
38530.814358088806
39297.98501097737
38696.81383974574
39813.18113642416
39292.43933654794
38416.67254395431
39782.16834309773
38804.15787190842
39130.08933071555
38454.85708577231
40330.119987388665
39497.11477055772
38987.42993372967
39534.48799862673
38881.728626415206
40147.27224036868
39151.52043847714
38909.80690594963
39446.99956501265
38374.76338525495
38854.334945219714
38091.96770040471
39767.7262708793
39634.77665206615
38898.41167907732
39619.439132834974
40029.61699030266
38204.40036556905
39084.26456827594
38321.95732792279
39685.980562698074
38984.065586982455
38868.77327197394
39777.39669704226
37885.976684940106
39520.651057634124
38850.53727947011
37004.89485386548
37089.99907737691
37882.622063341856
39248.32708020709
37813.701525644865
38469.21237431044
38795.71442550828
37986.884029227826
39946.035135901286
39369.223249445335
38680.206984964985
39814.85512321775
41776.13556174554
40915.51117775164
41567.68318154228
40538.338309703795
41237.79988166175
40210.681547146945
40992.83485741772
41964.72762364956
40966.81932198706
42867.84220118525
41936.229929730274
41340.87210910046
42274.83947264968
39899.651295413256
42203.36869960614
40463.79343842423
41198.27385344106
39855.176887042224
42396.555829095305
40550.70874258247
42203.81399072001
41553.11744518274
42154.22685791418
41695.9846815302
40331.61232037179
41064.78788553552
40283.61586512928
41078.80445351405
40963.325764077454
40194.21240386216
41876.107530267254
41767.81336899195
40978.73243416715
41297.57202301938
40373.591248898985
40660.840091528444
40300.526006050626
39810.32335516763
40599.29484406496
39876.28315755549
41252.516647272176
40680.31488714462
41883.998311917676
39814.65828466219
40688.310430590725
41554.487366466725
41197.58142176671
40344.89284892201
40723.102125951795
39745.90695910441
42282.298432771146
43088.44153988872
42618.44875957307
43557.991773465445
41839.8234318368
41790.09277534986
43165.088237119635
42481.113995612606
43587.577669759004
44059.33095422065
44616.98547085641
43781.39898567377
45200.68377881475
43006.93813961284
44537.28545738721
43063.41406358367
43696.44764840123
43682.367651488225
44189.02157478806
43012.281515354305
44614.14464252391
42875.73598797592
43754.100738748486
42474.165083294414
43692.62675680683
41794.2074047815
42705.17933216406
41825.54041985466
44048.694577296395
42459.22643363882
43284.954205464295
42658.437168766875
42296.56702890327
43466.68171265536
43181.45633366186
43499.83872494928
42731.12182518795
41553.34723318688
43613.32612813451
43905.34716593436
43222.3973991534
42530.395623805554
44254.807475443136
43386.17279320568
42538.079183008886
41565.93606915344
41866.64102559843
42782.509398911614
41200.36115199665
42531.95050608635
45562.26234930371
43918.45783595964
44762.93637162559
44350.97636335519
45214.74599019422
45028.76670370887
45893.798849219595
44118.11834525408
44736.63672306388
45325.5294210338
47854.33321998109
47032.0022079816
46309.67135056639
47032.26548266839
45686.88402563639
46818.94628657441
45965.71008054857
46074.67806419873
45389.683464054506
45121.56997546078
45606.769731704386
45301.270398097826
45486.5570380569
44626.040022839894
46180.56196143762
45695.79769991491
44981.709215912706
44796.37648410798
45523.42531215213
44773.17252583415
45375.22513765936
44209.44970348846
44966.82107134957
43961.27037481201
44247.26190311934
44735.632920006225
44252.91311902597
45402.27524483098
45050.25895615562
44736.13579382385
45671.9565908758
45360.40982658329
44671.46551383918
46266.65833483657
45372.806232751056
43697.411841731715
44507.335826748335
43603.86248435308
44166.172138006485
43208.3081779534
47610.91649502265
48088.840998367945
46389.10893950977
47144.466346301204
45892.33161312051
49087.03297591977
46643.88836519768
47209.88611669677
48520.99979725383
46543.71585949024
49165.92134689422
48374.767803152405
48813.75409421019
48727.865207141454
47902.08729667044
48339.803064010775
47613.04450248681
47099.11427038369
47894.76117575253
46417.16028690775
47037.36325337745
46157.51779390173
47679.45966767418
46903.602124447796
46650.22752454766
47609.002239992275
46189.87510717816
46836.811958680264
46285.22340166081
47491.367852528594
47034.14317336815
46298.57236289715
46876.998133206864
45960.76125891894
47785.14885743297
45847.99063921691
46464.878311707136
47228.582537112205
46151.02461779717
46657.8232778329
47374.511600274476
46480.8006322306
47667.76419320309
47083.94607638134
47766.89624638191
47111.4270709476
46378.01368384844
47360.06071960501
45461.5374076421
46295.54088571426
48961.33297408754
51366.47392338635
50598.94918413406
51642.94901360611
49715.02358501681
50908.95828949062
51499.82186612525
49985.63116089757
50563.60254676937
50814.10766407582
49783.031308739315
50254.10817512077
49197.49844160459
50318.68291291913
49478.77765147358
51076.03765443498
48902.82429248903
49769.62158206373
50393.00036876196
49646.14797827152
47993.04935952886
50000.8419216198
49069.96683291886
48411.470313442114
49998.540862228416
49319.87146065898
47420.818708626204
48301.66976864882
49023.049058280536
49448.31980559462
48052.71004748785
48614.875292644436
48954.6967446895
48055.82654382051
49590.38837060456
48727.9466256283
48462.66712137258
49446.51496821564
48102.63580340677
49100.93570149399
48434.64310274902
49488.21281585
49037.904174273404
48462.53215533821
49903.939250954994
49218.52217477858
48410.40017970993
49445.78038578827
48345.98290088103
49118.66007985663
52943.78282791767
52149.891364644776
53394.992008813526
51385.29599636073
52758.51893177282
52447.279183502906
52049.21683768205
52348.929171595526
53073.46554280531
52804.54796382399
51402.86013703489
50937.20163471723
52073.79986466412
53285.44121238295
52704.905498413835
51726.646729972796
52526.52152315092
51803.285704905604
52228.63128145175
51499.62603328034
51636.51902539666
50826.34857039082
51513.49014307324
50770.33140526373
51492.53781789588
50214.713751745236
50654.13487420663
50750.290416653144
51380.457714304604
50008.3498376232
50382.71791166287
51252.58219950272
49138.017925867964
49599.83036730287
50345.648457490024
50928.17800230881
50127.486352939886
50258.31182710525
50906.532062863014
49819.28044662693
50208.45298620971
51318.02952304589
50600.05531726734
51468.942373800746
50499.91727490009
50517.381515170244
52166.32526364333
51357.1459059103
51439.11835617601
50630.993746079395
53853.69721986985
54540.85421029693
53979.03229059177
54494.80079912125
54130.76301316026
53384.05887573685
54680.74489007476
54061.77354688487
53419.75001751153
55103.9696076032
54668.03225587274
53883.99750840656
54288.48299169039
55272.86311557953
53523.44667347506
53447.17840348327
54325.24645806147
53263.724127534086
54176.327364137775
52559.0190529635
55043.346033340684
53474.71707866452
54320.71882887824
52061.26351504284
52715.87006718818
53884.79936275989
52177.031301797295
53098.73935897308
52184.98838445835
54106.483494675806
52695.43537509121
53445.806306007275
51811.25719159722
53659.322180176336
52355.58960480588
51694.77133410245
53142.09492341148
52607.0707940146
52116.32828078835
53428.719877720214
52863.47190345681
52386.94985997942
53617.953517615315
52474.649179946624
53323.64783400082
52910.5777321468
53629.95951435126
52973.048767234446
53694.270823646766
52325.22809748767
55976.59690870268
55202.15104462578
56982.59140524867
55145.670951250504
55924.161417792704
56609.212439195835
56679.419689470415
55237.32763690333
55985.74320589379
56649.8828850294
55590.787667608936
56295.7320467099
56169.31415833986
55842.20214135034
54999.911707934414
56572.967243549734
55389.04501147288
54911.155606212604
56125.115797797174
56130.60918603084
55635.79332223649
56435.00306962344
55869.24316515263
56747.49975710132
54829.00858868829
56462.293470578115
55494.75210429085
55805.21907178773
54773.63506050566
55904.30909328399
54988.73581790103
55942.201685605185
54170.21736354443
54759.52889566676
55643.174756092325
53968.52495727464
54865.751597257135
54137.62353335106
56239.95179213399
55570.21450054875
54810.67708402061
54444.756041360466
55591.78068091223
55873.771887710296
55187.63195911526
55390.43703294864
54024.35499840762
54644.072058159916
54457.273264586474
55220.2501756777
59605.7841571077
57947.276611709334
58856.8726969779
57376.135480971665
58219.80797057828
58108.684850430305
58919.72592561835
57400.65193755766
59342.67375999561
58638.7315574591
58075.958205963725
56965.215551739224
57026.317724604494
58998.81277082178
58535.06929498304
57716.62188749219
59184.39293789016
59694.90832076292
58579.54127597125
56965.04009419681
59259.00568636795
57876.92611772646
57502.16463252773
58827.83453169463
58236.93109570001
57566.358266659
58356.64457845198
57054.65751580536
57587.51768581094
56575.0195171602
58318.3046222671
56468.33953969034
57065.93239055002
57591.69393623151
56927.592814567026
56486.27809947062
57259.55553050483
56925.72988673251
57902.470029984666
56959.13831771255
56199.63864792968
56498.978978366744
57151.46335111604
56660.97800755632
58120.432283667586
57490.18218530836
57032.45226719377
56284.06119556088
57787.44144316711
57144.65683705169
60308.486023534475
60908.4196282822
60114.16383754983
60363.88546536492
59575.33907815536
59690.32886679057
60887.65273517245
60195.89605680099
60794.17461939843
59310.759308671375
61086.155304914384
60125.92750338897
60473.86560287118
61324.87122677972
59770.831352744484
61953.21120023921
60684.32011415558
60218.43136411936
60652.97934725147
59989.6642588263
60561.43428652877
58552.945834600505
59604.11897133311
59755.852754086925
58565.634259588776
59138.54181236575
59261.84580120738
59118.187507330535
59877.75935181104
60479.53699170735
59784.980989000534
59079.08213069502
59547.437976601286
58685.024061641445
59712.22899336916
57879.1705448225
58630.1177001694
59243.63698195088
58901.08158719475
58614.10059107094
59472.68299927957
60232.36292447265
57785.86765292273
60254.38247899764
59196.75217062481
58113.02464825764
58596.13927876143
59278.910496515935
59010.35600136039
58343.900738083285
61914.30067218038
63192.993504909486
61737.15944305056
62654.23000934167
61198.33339961469
62082.70383103026
61137.66295235512
63185.87193516344
62513.95129563143
61690.49542312725
63256.18993211193
62417.00329575272
63240.99554946751
61667.49232050287
62524.40058879702
63043.67554914285
61478.84308711573
62089.129423688835
61999.24130049549
61954.31495505553
61286.03923510848
62383.39414725545
60597.19336354328
61198.60616695613
61554.94291177129
60145.904351200574
60714.61053454364
61199.13467766952
60487.476462211634
61816.69062654741
61110.6913652978
61461.14983696797
60367.32973134225
60535.007541983825
62142.1052421273
61351.19838984549
60213.87978838692
61700.151791883254
60937.8705211346
59521.83081540361
60373.692468388
61150.98111359207
61839.62542123028
61037.64192350623
60773.45511810363
61674.89140648718
59932.5868626747
60551.70614624884
59721.96457061146
61340.132347612176
64349.97200319686
65117.6756767597
63650.33373460211
64488.45766337469
63391.880206902075
65516.51000511486
63957.44983102311
65250.07375832617
64739.03788517607
63980.84499460775
64964.86988584268
64157.635224296915
65087.857527551096
64550.07367676979
65246.44066949304
63905.75985572264
64258.36681997794
64980.51296476418
63616.11007352137
64369.136011631235
62802.34074056555
64092.80388923214
63238.23644994124
64336.596613877366
62797.36733182506
63614.16579198151
61952.2823268911
63128.75376541509
63881.16048834044
63338.81269076202
62428.13527106188
62493.087695785885
63715.70983908501
62658.94033354197
63819.864022192975
63061.46674162586
62421.329048157764
63678.628084412725
62979.115856175995
62069.49798001947
63862.09462726962
62630.90662117137
63496.46260208035
62323.12585286251
62994.17471612829
61768.819653916995
63550.31180167806
62370.73806396392
62622.21989856167
63231.30237696102
66071.41571648436
67137.1432513232
66555.86069013408
68086.80376783432
67177.51909110502
67174.69496410195
66034.55504799486
66884.06317351769
65525.77013983881
66184.45492269949
66808.12064035414
65887.04752606049
66692.16825544226
65853.99538919525
66311.41345540126
66935.9676552245
66035.74441287121
67044.3821928376
66333.29895739097
65591.97729146882
65001.255876677766
67018.38162125641
65926.65870461043
65025.17783828284
66348.5122080378
65704.36882309549
66137.20205809525
64440.307878585845
65144.2064200629
66166.10341972101
65624.89471105234
64269.0410324016
65007.10667689053
65365.48999097033
64570.62360907624
65137.44391257885
64375.51826211535
65553.14279338154
64682.44392376635
65527.7191208459
64985.373899237704
64249.36942361837
63667.41406701964
65306.631483756915
64161.90639260491
64740.88083478898
64184.04741302022
64943.86916351794
64466.432927205016
65137.09698971209
69819.8575807334
68022.43317645877
68899.32504830073
69510.65219163313
69285.77013763573
68888.66526370692
68633.3279939666
67903.87747949167
68951.50363280032
68544.10016846482
67952.14279005361
68501.5549384852
67431.06911082492
69280.06237503624
67604.46001247808
67681.46722909826
69025.10682739221
68337.03629548005
68460.1313912675
68184.76796215879
67737.63712202726
68633.26152237144
68379.45149395097
66947.9600520031
67777.37453686014
68527.38612703417
66955.21842111203
67540.45637484784
66829.89768902854
68221.86858212047
67619.98024570533
66213.70051242113
66842.00201527603
67103.74384574784
65892.90133218378
67521.53392668061
66299.84059018228
66891.46378673532
66254.64473281446
68197.76279000053
67172.43570839908
65901.21460544036
66755.46776785605
66306.12140324007
65601.77438584041
66918.64341477178
67206.62420841597
66381.4527760514
67000.31744933248
65807.3441507309
70503.39642291208
71854.31782453496
71169.77952137325
70573.78819620819
70053.92837052925
71439.49513707736
70683.58584699899
69874.03910336344
71302.95573149726
70874.90919345483
69123.12595917727
70112.71435811816
70607.21530955422
69741.96752201536
69032.045305636
69742.66718707324
70471.55767832106
71403.21884377809
69682.84386759409
70298.27726756225
68997.44284470711
69404.65911280525
69825.22189401559
70600.98235071372
69065.89656999632
70043.00094602683
68400.14119857759
68879.34657204976
69115.69432004335
69524.0815575784
68978.87138950721
68762.7205844037
68054.53231868955
68613.58167908601
69281.91570114449
69821.50232085722
68055.59169187458
69108.82875957953
70117.06335666458
69653.48371692262
68999.7135927143
69702.63036977992
67863.34067235053
69023.0704239594
68507.62322960552
69802.51376711701
69308.3386345109
69341.80975498437
67736.16594948873
68387.55533601441
72418.38614171947
73368.18769338643
72844.384533217
72167.28591245487
72904.89710477332
71398.27905611403
72004.24534636726
73622.48354225938
72691.82487587495
71856.56674137685
73291.35443874478
71211.1763872077
72659.59357285697
72026.95881300964
71477.2661334048
72072.86471164925
72647.7099134392
72014.32689910143
73118.46628771053
71381.31793881193
72386.66759370951
72198.52506244017
72462.9609673802
70904.43958315512
71620.00116642735
72183.68136570066
71215.06544454047
70890.04008323417
70306.59364048054
71225.16794759134
70586.88178102479
71832.00338952066
69568.68283670297
71924.75247168302
70020.40046958023
71062.66646821714
70554.99429618439
71226.97270271985
70998.75963652684
71778.83648377005
70554.5779769732
72296.44898672322
71327.52740907148
70389.69615595427
70690.29635290345
71579.46796074914
71721.30871465591
69889.62052391897
70350.44020104996
71101.18345395173
74083.12928038187
75122.39479302587
73001.26963271348
74975.18139227337
73421.18571322269
74612.78265278786
73880.95010518422
75405.95877248865
74609.0153770252
74185.21400833732
75146.74485156912
74931.92335703823
73445.24224557058
74258.41377195463
72735.45746722084
73494.81403923711
74769.67965827811
73967.86435408326
74833.17110856142
72834.53471770452
73449.7219411082
74084.50499546723
74798.43885736345
73335.20382685453
74238.35612777225
73718.50887804187
73024.79464367399
73693.36089670457
74319.36636603609
71737.29416469194
73926.85038408404
72830.56420432421
73109.81512491452
72383.58302865771
73647.78782337652
72743.03562719337
72729.26746192339
73332.83193262236
71785.9304748154
73783.63038716199
72505.07853093445
72817.1442328516
73229.24216219928
72709.30867589606
73844.52400957163
72170.21498584063
73174.69242019427
72697.84552430184
71987.97937955527
73658.62604328827
77391.14285179906
76074.88913211794
76710.19799268416
77447.0717764289
75579.25317124819
76812.57629221823
76199.49158995195
76889.58725168467
76232.44936400821
76654.94335144298
75458.57065241692
75945.11985918539
76784.1138798937
75823.21332033572
77036.28687955588
76345.46482620589
74957.86233252248
75615.78401463525
76338.70039542721
75776.04597205855
76864.90223574052
76239.37994337807
75549.97343439504
76239.73169282981
74936.41721871577
75656.24659446452
75354.27740383656
74419.41746069414
74930.54047257913
75609.98930419453
75224.62961051705
74633.21752682413
74542.28317862266
74915.0481933564
75430.28202896085
74583.04059355136
75292.82655932
74254.26240058923
75393.26757635848
74643.34305327032
76004.27414936686
75190.10859457069
74536.72623787026
73989.11094324253
75155.50348564144
74458.29047407716
75389.27046002343
74523.49715844527
75763.00357318745
74778.58126183467
77995.35455834208
79243.97865041193
78746.91008588267
78163.12080556918
78672.84589672927
77584.97021828865
79095.7784544832
78040.73376092337
78369.08923841038
77066.77259976086
77787.00443603171
78335.90262932464
77499.59352311431
78532.32047700576
77562.93146909933
78046.0694820504
78258.7803625857
77835.59267770391
77516.6059601443
78085.8260618216
77369.6191021413
76668.41630685082
78168.89071327688
76869.85660689668
77627.01305825557
76999.04200071844
77938.10341848827
76105.83606711007
76825.39856277665
76138.80841181445
75749.12668064298
77425.88014787297
76518.50348148968
77502.55005689018
76869.29074306434
77818.91500887269
76039.17554590863
77262.31292972935
76221.33387344152
76693.70089003534
77558.77313945688
76827.03294227511
77583.89261716956
75599.57146558425
76068.38974806221
77060.336934081
76366.73723745137
77835.13066340167
77636.23363564935
76954.18650118023
79646.14716160556
80571.20203150148
78910.84797235444
80324.86128816243
79432.95582771295
80564.94381928034
79940.31507287422
80355.3327954885
79576.22768414422
80899.00731909604
78907.41620885143
80052.26157937813
80590.04935818457
79193.75679123699
79769.05593817116
78993.14153226788
80377.11366687811
79557.78164824561
78721.15220669698
79418.71856944016
79835.54224779893
77899.88374347534
78505.66263499396
79198.59590247991
78490.81593310572
79909.60939087429
79293.05149911597
78650.48129788511
80109.60321816619
79436.45872281611
77846.9063328337
78918.29086605209
78292.41157496274
79199.76497673817
79032.21066779943
78278.70981425606
78630.32821149573
79763.18929983742
79249.7427678589
78527.10922400912
78803.20043616998
78137.67588519951
79281.49164263422
78283.94111385156
78670.26915775008
79974.2577776084
78513.3768510907
79292.2258641613
79147.97665474593
79747.87581466467
82003.66130016453
81322.0782423549
82292.40084417816
81019.37940646232
81675.82784578516
82739.1884436772
81113.41816016911
81996.53443768749
81073.53845451178
81524.4653362896
82704.46620696422
81535.81081495095
82066.84428886729
81224.9091210059
81939.19790785151
81374.75450635745
82373.73895759796
80238.64137454348
81765.84342442077
80997.67215711385
82281.66063708093
80237.79828614971
81708.57812373064
82227.21355463432
81222.61106744976
81704.99782032752
80520.33652796893
80948.44880192852
82222.31447991577
80734.26705241244
81531.75057116644
79994.35653323113
81317.75381872765
79778.79023917865
80473.1611982157
81082.29241811467
80310.32232593253
79763.26957166381
80305.25204961101
80666.5116936029
79753.46598620072
81527.58851050056
81049.10060020094
80155.5067806614
81474.32049452484
80808.96676934022
82115.43631423014
80720.2750546828
81702.05889019155
79229.46558970722
84528.82717206093
82830.47577483514
83701.73223721026
84190.47867863064
83354.85247611663
83432.7346632458
84592.57481060723
82895.76372868569
83997.29144072678
83524.19324337199
83800.4831227268
83287.21108137147
82688.8952610231
83487.40065070067
83112.11804966166
83638.26778401797
82638.58427733323
83198.79609243403
82919.64309354979
83944.83652074238
83819.8084411363
83107.54046081468
83858.63291466788
83406.983039907
82816.29538394604
83541.48642450692
82918.2906771616
83711.40444941848
83147.99948145912
83876.25183393883
82200.03380984753
82476.70599143927
83944.95944366096
83341.4448057632
83041.12140738772
82117.84172433356
82831.85112037612
81920.92721458252
81425.5809704384
82058.17667680877
82696.63809168391
82042.8759516429
82703.05180708578
82175.64004125391
83189.33628113984
83174.3108560255
82710.9101553876
83327.73959063413
82541.05696097825
82172.77215446184
86592.82995453631
85214.59148380943
85856.66263858668
85813.68803161029
85101.72971677437
85311.09873096671
86172.98117439801
85699.62858696937
84291.03704559436
84969.89005065392
85259.68646430972
84585.729606113
85807.70887199519
85505.6594558207
86088.71848007131
84475.47399095073
85176.9710518755
85471.79691362128
84512.47875601736
84792.7415497721
84577.86911603539
85443.05758303945
85945.82579571493
84398.6092997333
85153.24903792611
86316.97284755568
85619.38740433457
84202.4623099092
84894.67213302021
85351.75735457869
84563.56489098463
84793.50423062422
84683.55388484424
85407.79426198229
85521.54428898208
85316.53089111259
83646.38643486818
83757.66873906301
84242.73420623323
83483.87409750422
83995.55992828956
83403.55842745805
84246.28577006524
84473.84278367372
85117.76452975038
83771.07549027102
83899.67118473092
84678.49551822452
84210.75714143089
85177.48438256996
87249.37470519796
88110.61734234633
86566.18057544772
88305.50032664152
87740.49186850083
87275.03853970193
87848.79095521089
87018.98189705028
88232.2801307537
86560.50205794361
87309.99940107849
87420.6714944455
86938.2551126876
86541.68005994712
86320.9756208943
88097.25598082028
87071.16517029815
87554.54919517279
86087.5446914441
86657.60337449588
86901.56800517938
86133.05720499737
87585.51552534576
88112.51855277029
86768.83852289489
87184.76602354296
87961.17635184656
86078.72898584577
86686.52343566231
87387.62453110292
85785.06125204309
86797.29169734435
86211.21892403692
87134.06484409251
86817.6872681059
87050.59501701094
85817.51544989368
84844.49446008547
86231.29258189713
86890.95079374802
85675.06733561517
85229.8149058992
87289.7033046194
86163.10769435714
86778.35790842318
85765.60683752992
85245.53650597048
86615.62538513048
85929.97903273247
86021.53940130792
88938.50970231087
90666.10772957973
89797.70885947552
88911.10844210896
88811.46228386128
89529.79671214557
90263.66966932724
89777.0289472724
89109.28859602564
89833.74490042885
87085.98731147638
90347.78928893383
88013.71471576593
89234.79743727918
88453.76237029604
90026.14087684067
89250.12207466585
89948.68070664539
87925.08329936261
88949.13441967046
89750.46998080095
88294.1020327057
88936.18479340852
90355.64466817732
88651.41923674569
89739.09537388515
89174.22033162793
89839.99412671909
88647.27334218156
87596.78840928436
88462.89343399776
87892.68030902075
88814.10259101215
87735.34714233498
89929.25512835229
88496.88039407677
89483.65345057503
87890.59359347724
88927.46951514158
87640.1176246717
88423.59502176722
89562.46474237181
87853.3212281751
89153.45015556998
88512.46261507545
89396.96205494693
87642.95830127562
87378.29740135322
88277.29328218718
87727.18072344156
91808.32649782677
91242.89553997765
91301.3618113806
90618.30623270657
92072.92140921965
91114.85587632906
91866.87495363136
91510.69810835547
90662.57508225912
90556.86954474132
92352.24291432557
91430.41627844356
92483.16184435083
90237.83749783311
91016.86355819946
92216.14770586554
90540.01774945362
92026.95321479918
91438.25489780646
90772.96036964374
92182.46072071466
91490.94635074088
90626.90267678071
91760.60087026704
90996.77286037874
91215.15455925609
90479.96055138358
90071.78503193273
91140.57442728596
89349.90513176635
89502.11410503626
91398.65684661432
90484.31215088646
91657.7635292633
90833.65180462692
90479.75630231891
91429.58992255281
89840.46300218132
90560.80595512559
90438.06668612987
92334.19401226864
90047.16324301611
91723.38704381764
90922.87705782759
90393.47051253945
91305.8425730699
90105.13060240274
90918.60342733638
89081.37367824737
91152.52395817946
92551.38854443845
94234.85365706688
93498.84045625817
92878.22678410025
93790.65081835414
92458.13752386921
94019.98580253986
93197.85580306913
93839.25513402562
92354.79851980672
93100.73034762382
93891.76656327142
93114.67101340364
93885.87526400211
93183.65425104031
94132.6517100363
93157.26895615761
94188.27059697693
92577.94450011647
93333.2965303496
94469.07473253115
92413.21044175893
93955.11275131177
93071.27318744827
92563.6974794189
93264.77230787463
92081.36734021726
94038.27273654261
91937.99072857076
92681.37751538551
93405.58260040527
93077.06415774595
92341.91984257087
92402.23301376225
93157.75135333769
91556.53648092457
92540.84447239601
92388.5521150103
93236.38101293845
93000.40633067687
93611.96859301861
93016.19843331614
93468.57717301487
92993.33829082418
92442.69020036672
91794.05078824582
93694.30803692462
93213.51709124382
92763.65956572996
92193.9791742244
94942.80096342954
95778.4820133438
94225.97070827213
96235.62753153165
94677.10600093778
95568.675818193
96302.79253580334
95472.33872586049
94596.00523234255
95094.64819174485
95734.90204485133
94464.21817874434
94936.04214331774
95978.92087442557
96610.93012098981
95962.84114822128
95375.0254683187
94859.13272100872
96262.96260100148
95637.10651022682
95351.60354567808
95960.27827495537
95041.8429182624
95875.30080075913
94413.7011269604
95148.03163939924
95605.1648089381
94872.32034489946
96301.77914855424
95453.6044430511
94567.60844877316
95044.80937598305
94034.67988353355
95425.56896180827
94587.92970338685
95955.85979189932
95269.47760959312
93803.78788004672
94438.22728253368
95649.69066564766
95000.72975655465
95608.66496898426
93687.05878646031
94189.7610313775
94930.54962559132
93574.01648075384
94310.15109485612
95632.70286941798
94836.23577887217
95520.75107258932
96508.15338057584
97903.68750131855
97219.1475543504
97726.45710558143
96824.66209843394
97354.58411350317
97901.51942124555
97194.00975652719
97991.64670480798
96408.95570498305
97271.26485410867
98371.5111350211
96465.6429663987
97692.76992367324
97066.87785027413
98098.43418131406
97381.0462021929
97032.23030109607
97308.06446213112
96342.79074564276
98007.11705039906
97176.53889413299
96701.52851268958
97468.40880766933
96593.37030427066
98154.40195463793
97574.52185535761
98346.85587542507
96757.90019264874
97372.2589111231
96304.55302823274
96785.51565347903
95881.69123160453
96339.7217776721
97439.67823009446
96910.7511582147
96477.23783294176
97620.45524442261
97326.87294879719
96998.48801974722
97899.72128032427
96301.68322580571
96936.99929030948
96087.82289478938
96516.58043355076
97377.82626367823
96092.43040312969
96966.73349676565
96498.85747365677
97583.54435916813
98517.53191899342
99222.9288186473
98425.59846239853
99896.58970728406
99114.32160635684
99579.55628521112
98704.44686997088
100111.21456216904
99367.13205272202
98740.28602783427
99836.15208460641
99264.79605203598
99914.04027298877
98930.57397365497
99402.74997985942
98646.0868099675
99508.81061062415
97838.91086187877
98272.08356230901
100191.09018386283
98911.9473543575
99042.61814454106
98814.4277080003
99748.38512895632
98410.02745530217
99088.93923105461
98895.99569265127
99537.89004726926
99107.0842131638
99702.45625012662
98995.94745490415
99958.61689717411
98269.85508255083
99207.59338909945
99585.26738642872
99001.61492726151
99992.98678773454
98292.09810161975
99255.65245974984
98214.6902365604
98634.49802842691
99267.25157694332
98649.96661297615
99448.47561860936
97810.24669216841
98266.71209210456
98916.38157207878
97740.80178937301
98345.85312014393
99120.16790145678
100561.34395203074
102483.12094346201
101512.87425421005
102102.48133895874
101566.9060122444
100915.76454996565
100315.07122129244
101812.30659962339
100961.43828467441
101460.92142124749
100585.65635169616
101333.47327176007
99774.41707947853
100537.64762424571
101908.82926656514
101198.91216285092
100320.39879986373
101791.9963273367
101128.7833876787
101253.17754674141
101562.16127933962
100529.9862893743
101005.27259583898
101844.73318819281
100402.7051688295
101162.46537374637
99645.15601228578
100220.6460354596
101001.03846530615
100470.6224923792
101646.30476039079
100855.39363871126
101792.96266701912
101177.03408324702
100053.1427822354
101280.6806031665
100598.91093357427
101396.15235877372
100501.77982898304
101023.77480891487
100050.00762879869
100151.01924923698
101927.41297356618
101134.43970995446
100539.48983222072
101384.09720572636
101391.95299300808
99849.56715761972
100596.54451170926
100982.36279599795
104105.33291620857
103356.7291063952
104360.46439225627
102820.89507710854
103658.2378073177
102158.1083756059
103630.56242789896
102549.189975343
103129.6292972562
103034.64373852001
102260.96696436546
102116.1356929279
102886.56347386376
103492.68220700193
102655.6852826875
103191.58088517425
102518.63760144128
103445.57203322552
102490.10565265016
103515.48951839143
102026.70583232614
102823.63887371925
103727.8647763553
103598.58199454205
102194.5579589205
102913.90645856594
101603.82062867118
103556.68055715052
102719.64994784682
103353.99271485694
102435.08644600197
103735.33826441843
102704.467850699
102063.99440964936
103013.15228907559
102145.54127254199
102986.99156685111
102658.0657942145
104454.37481495057
101863.89514834022
103550.19349123005
102577.54795965258
103332.90950826998
103013.48136264984
103930.35933238755
102066.54144251962
102197.50225829153
103148.09295528098
102464.05458061697
104022.43190932834
104860.2350740103
105816.63745642146
104459.3165079205
106274.59023196255
105001.74614533556
105602.36987026926
104816.28342334609
105661.8628475957
103804.4729280468
105691.14033868873
105055.75552040292
104325.71142326642
104901.00970099586
105641.86711092664
104019.10607469759
104927.59607881919
105204.43389385848
106038.49366619658
104289.1650648124
106409.54996356505
104374.2702706741
105611.19820185652
104338.99391592416
105071.47138868604
104998.45719233155
104907.44519911433
104313.59126014062
105155.37613060101
104258.01478160363
105271.27694407551
104625.47024890665
105977.2175466119
105530.38643685593
104591.42826125445
105291.06902432411
106117.17698539882
103883.89212137558
105728.10491796584
104801.59798300595
105228.18047689655
105740.22185032915
105107.57236418892
104215.08043472434
106213.30560890863
104623.02162150214
105482.38971250842
103745.18142300117
104571.24606001767
105369.32935857013
104794.79226796704
107023.63253124506
107442.43423652966
106742.4035430391
106713.1365845067
108103.81379480466
107536.83903691787
106322.57956233098
107040.20429070195
106382.56881482071
107746.795830652
107094.12648596495
107817.28663748421
106402.05503083124
108308.07508581437
107161.92020554835
107882.72042511827
106504.63350327696
107926.73473560234
107054.84648209487
107370.93390772112
106226.42073151478
107541.74383820746
106866.6765433403
106359.65401813597
105629.25282165287
107004.75968302635
106274.999226272
107839.80272619965
107238.6212339827
107803.86480262163
106681.67658949338
107208.74827854965
106629.88913092972
107586.63931707059
107009.0042106919
106426.81605404892
108331.8337701034
107329.23627175101
105881.30669350717
108061.78183803547
106556.92721398205
107327.21741751481
107039.64634862464
107939.22939261104
106427.69460762024
107743.49387574327
107003.73894594917
106262.4122287984
107430.40913994612
106971.57128729929
109676.95161072095
108494.59218584967
110334.58062144194
109371.73526262486
109696.94663084266
110090.95939594478
108904.9241755382
110353.67559833954
108260.21644037637
109423.35974039692
109794.42678159881
108657.8623537457
108801.40957054179
110387.69090631673
108529.96565725598
109288.85280982764
109158.41928174217
108849.38950493182
109820.24901209363
108147.33348779882
108058.10788162403
108623.06375223995
109203.76638787135
109814.08568742948
108718.69063106533
110008.30675545777
109333.94139901384
109448.3865467966
108798.6864152612
108530.19781558619
109886.61097748693
108394.14225480628
110071.99263677264
109164.03875658932
109233.83545843481
109845.83855052163
109665.20647570689
109286.4541857081
108951.23602135779
108533.87762397125
109755.30272635966
109311.82107010524
109770.68562025767
108825.09669854998
109763.2401440637
109405.880400738
108343.45909969312
109108.3523146103
107507.53636012811
109939.05677612872
112465.55911346733
110245.70274784742
110865.1575426995
110420.84275048706
111116.56231716284
110749.22156814767
112159.46881448619
111626.76920497676
112319.47852288296
111313.79300288654
112090.50672340748
111227.17165100614
111894.23485922685
110832.09461801934
112138.65819347928
109881.24224689999
111530.41246739849
110978.49943860857
111352.68223258146
112763.19616380427
110558.1324221733
112210.9861388154
110818.63880936912
111581.69082225187
110731.79951832065
112289.23044383094
111479.75483055161
110646.71541510105
112114.8506364847
111492.18964831422
112118.55826474118
111308.75193995348
110732.56906569435
111520.15337629152
110558.23988708074
111200.00695312658
110518.5309372761
111252.23647469487
110581.47450297033
111614.34573714317
111017.22121750237
110254.41271486715
110429.63534478794
112116.85318892493
111350.8108552013
111056.22692446597
111539.29095854722
110283.03056943619
110929.43913914324
110231.73752926616
113155.00613710166
113816.1564916462
111595.94482364312
114195.07374379835
112114.64684700058
113848.37353236253
112964.80010070607
114416.66862169236
112887.35326609966
113660.87569371445
114393.25365514283
113588.02207245542
114386.73101361556
112769.8788937925
113593.82651338718
112875.64774871412
113602.28145991142
113203.31776568865
114079.80633718187
113422.9880951326
114369.06902723732
114098.22564546719
113109.32900972395
113549.25058860357
112384.73702046371
112906.27619983215
113990.50122536649
113045.8147319085
114610.56276615814
114014.33926691921
113525.31022435986
113905.42161168656
112704.74328840962
113214.1915971951
112103.46346495919
112321.99164258965
113511.01813050578
113890.87765238722
113142.27797196266
112425.33027008864
112882.74326009759
111697.58654322264
113323.82402363363
112186.87388865661
112638.26826742667
113437.77407027014
112307.88529035712
113331.5107649399
111277.14281112164
112633.61628757791
114715.31965385894
115469.80942551179
114887.14428529561
115528.62480149283
114671.53085646205
115111.36475776229
115908.62218890601
114928.04641314727
116136.1600904403
115531.17673838613
115987.88330905043
115122.13233225426
116451.26595599216
115795.32230630197
114186.54919567367
115197.4855640886
116336.87620524436
114925.27373240373
115715.94564434311
115697.02024976192
114862.85399851389
115164.77725132144
116220.19657706603
115897.9085379076
115123.91020017887
116250.87555171156
114521.92429909791
115207.87135505708
115986.93238689081
115278.93897169654
115824.11872046982
114651.00563299307
115471.69797207415
114628.95852857202
115907.22899118518
115185.95258449286
115641.95883406079
114308.55436742965
114864.79195303548
114532.41234205588
113719.16213917542
115349.92620220975
114351.62251534905
115570.54196149498
114773.74161198929
115713.5847867825
114116.02966448592
114894.0505894287
114065.45529759768
115256.94383967771
117454.57674182765
116386.48014941748
118315.00707921291
116972.99132708693
118143.51605356649
116346.73382107179
117963.65524784841
117552.44637518977
116634.5325053033
117294.59224298778
117029.38630211106
117725.83900638357
116545.22192074757
117024.57857389552
117682.31201161358
116389.15748486074
116980.52501275731
118333.01060794381
117150.951065616
117040.11493570286
117788.40197754465
116646.68999576366
116854.53999977713
117395.52742605722
116684.22434817944
117190.60426453219
117797.72552515756
117364.1078034603
116586.95056511412
117427.00268049083
116598.19847810027
118088.96946030225
118236.12546831633
117567.46593891401
117726.19783203054
118282.88847019563
116739.09266681329
117689.27242599364
117253.19067158875
116268.19213117789
116810.03827227248
117598.76679753877
116186.28944251288
116555.46870749841
115767.1680325901
117305.17666976787
116551.71489048212
117639.3647611768
117115.1001799041
116289.41834183985
119702.34352361076
118759.72773141047
118998.29269963042
119972.21089661433
120287.92440336202
118551.72601163597
119885.51493030718
119116.35801394841
119640.16235354147
118555.40505696023
119371.87190486351
118536.49470081738
120190.62599552657
119231.33501126485
119892.03151822343
119104.42100106865
120110.71620627583
120016.95063391168
117912.30298896959
118736.27964881805
119354.69669426544
119882.51215174577
118921.21136563244
118418.69716937868
119643.57660747148
119554.81249710039
118404.26785905023
119407.9288074385
118391.41602023489
120001.07724960595
119210.06437795557
119768.9595605766
118947.04146547071
119794.56308062482
118595.44445315406
119344.50325905555
118979.3309119931
119888.92114509968
119599.79723185822
118417.38968829918
119481.74714133776
118647.25014047115
119727.88459945672
118338.35738483634
119099.04152396024
119479.23908299036
118751.56080936753
119613.59347649818
117939.01544344942
119121.89250547104
