0.9662355369133447
0.9985419253643576
0.6500348091238638
1.344125021549702
1.0372834833879832
0.8002770489102856
0.732028359093174
0.5918123024440218
0.7166909705723715
0.6095269001577447
1.056032904743413
0.9130944811957887
0.8360583477870257
0.6907365484112193
0.7845418966459746
0.9987608218965401
0.6431583706889691
0.5537591239600774
0.7514617601977952
0.7797289181485708
0.5718775955540951
1.1711401983132035
0.9837744217998269
0.6727671205410635
0.960875409411123
0.7645290898817239
0.6236569641989144
0.6777456474245124
0.8507182857582779
0.5740951430582955
0.8436606204573066
0.7959292609098761
1.1648416578633238
1.1216960559888036
0.3898561733112431
0.7287302814751783
0.5932768244806143
0.4165246906862775
1.1269012605715631
0.49034448298305133
1.1591511074852163
1.0198198525536206
0.6766012866599487
0.8232968354832417
0.818456271263809
0.7247532243422226
0.6513286871968017
0.7265033743251623
1.4134141381089624
0.7568720296309162
0.6612178631367348
0.5161013676817112
0.8678831174048455
0.9937123083457443
0.9445742675044159
1.041983986794846
0.7008834988819211
1.149862154690766
1.1054345830118848
1.2233321414744576
0.8300205243087825
0.660673252176446
0.8478657492024988
0.8714613427519325
0.9413507723318527
0.810033992660823
0.6751874424269393
0.37746045294108965
0.937637115642108
1.6092527945356871
0.936247576303097
0.8263702455205193
0.925040175679679
0.8809610825958579
0.5915013266185302
0.9591758307795405
1.0867837059162586
0.807594707729147
0.812379501576306
1.3316244706499079
1.005968777253501
1.0214898752971682
0.7993677140012779
0.6755950217327652
1.528470827333908
0.6354646393027604
1.0203650223943523
0.8587966144953104
0.7934919330526617
0.5351319411755954
1.0175117754084375
0.902859653833821
0.7555000764250372
0.8108001405503875
0.8851930767865611
0.7549558898190708
0.36477431191529386
0.5869139475637506
0.823114208323202
0.6141633496547365
0.7075152933939372
0.4986781646700279
0.9825745378153149
0.8395261414060063
0.5820187626196437
0.7454890663252683
0.8889218774881017
1.5128911650013785
0.8597806940456122
1.0318163588904934
1.1452214216707755
0.9563462781779294
0.9582396222765214
0.6616371961897689
0.7558100009026436
0.8712886201402951
0.6473929482970141
0.9986480873485698
0.6522425118065613
0.3711602514536687
0.7177436067532317
0.8022247311391874
0.6955068314443755
0.9299371611082353
0.6436929426317334
0.9216315405728691
0.5746313075398929
0.8285589049210094
0.7387843137657775
0.688274645652315
0.9357162375698099
1.0125086825808092
0.6904823593784746
1.1549753559631137
0.811477093471597
0.9893788852268116
0.7660642495739782
0.9491467458747475
1.6573899509577321
1.0824403772192621
1.0692852259771906
1.5402558018075014
0.7657210792203849
0.5785892414175319
1.8572019590682274
0.7175365791855303
0.4042841851177864
0.997787115817648
1.2694482336855206
0.8543957401952768
0.9041712730131738
1.2667298664933337
0.9776658352788398
0.8052272356734574
0.9000450860517647
1.1398081513716314
0.7719581233639956
0.5524435480793818
0.8336174562969344
0.8685806534850128
0.7845652516654134
0.9843896169053109
0.6224648711729308
0.7988287141393803
1.1391854660008116
1.2687829635983712
0.7509836893567514
1.0223662768708142
0.8012317319417707
1.075363639653265
0.7966584135005326
1.4303099482027137
1.284658973336333
0.689040180390616
0.8638759457828268
1.2043223873599382
0.5790921683741139
0.9779876957948993
0.5586566529938682
0.8073503173701899
1.2949221710518073
0.8166344183796553
1.6069281462869904
0.8705113238747398
1.1174149462826968
0.7990139223153929
0.6076298005366589
0.9885434741614486
0.7693003539845269
1.0703353914822578
0.8059849963616933
0.7317110612866434
0.808278477833267
0.806162466979002
0.6325167289396548
0.7423727215628281
1.735263024587523
0.5684029625416758
0.6852553962344331
0.7718954997391657
0.8835540931941551
1.0713194471076501
0.2849858316276742
0.8980942295300457
1.0021785908300884
0.9405557339332734
0.8106030975786425
1.0380246177877306
0.4222430690398985
0.8690808183207192
1.179360135372184
0.6193918169697482
0.7805287032764208
0.577619454728181
0.8384434408192545
0.40467807754461116
0.5052692913983106
0.8204942172748172
0.623920291818654
0.8562766200037856
0.8607770667278564
0.8609624462346442
0.7446580786256777
1.0073113446194846
0.7422712829708378
0.7346437540264592
0.8269419378831969
0.6794553828437238
0.9712128742765497
1.127326960574037
0.5519147424741713
0.7974020015894576
1.0509983932841396
1.8545433969492282
1.4081114655050815
0.9368396649131755
0.9419539720232452
1.2038219170793698
0.8460282636668129
1.455159441786388
1.447285836569921
0.9350664335620259
0.871814211901509
0.7952356291901426
0.5257144619452577
0.8549126379550157
0.7101344154150032
1.1970051515388902
1.1655180144697828
1.0071578811119144
0.4766264890724057
1.0420968350855826
0.6256975679108581
0.9285997742409707
0.7246582470584464
0.730562040167907
0.7411782170412812
0.6265312331056593
0.9079684349272111
1.0653909025887072
1.055955905182577
0.7611832009510053
1.143148733029511
0.6249958666531356
0.7136752423254412
0.9688658762082124
0.5517514012834097
1.1684909391002356
0.3614804602634393
0.6878908832802298
1.746240387502493
1.0439284976236483
0.9515551082316195
0.8248885438622989
0.8461595938506499
0.615826313170996
0.7609925131421043
0.9503320346219476
0.8990206569074425
1.021092726605047
0.8613579703037969
1.095385248393895
1.3952373302342176
1.040507842753039
0.8539098359342553
0.7317085927440025
0.5082342685703252
0.8257854775543847
0.6230181950056123
0.7299959783200265
0.6400873830957795
1.0914190242137343
0.7472336820335747
0.47200349021555976
0.5784853040341292
0.9308801809442292
0.7723515686926429
0.8271934897737291
1.391454268930623
0.8294973388235006
0.9860968252607211
0.5199992770115287
1.2076357110071694
0.40060172011288775
0.7031061411106077
0.6752050806067139
1.6453831114229065
1.082767800159636
0.8429450789831093
0.8710616368522351
1.487101880726835
0.8673873128268802
1.1569314856625925
1.2584526286819082
1.1240120666065594
0.7386027276579238
0.7183498892591434
0.6351846000604563
0.7945649196201512
0.7985814431652387
0.9877908935029486
0.8279826742153852
0.7121036579033632
1.1041432268099043
0.9468306217151766
0.8570639106549548
1.0259102878685358
1.1409371964232102
0.5899147226540616
0.6120941160632642
1.1758194164978828
1.211638173739912
0.6728111245515714
0.6477316685060258
0.8842599056554664
0.944559767111491
1.1207347072356018
0.44518131797581917
0.4876251910367343
0.8668857533017559
1.152170658723499
1.1261401874153614
1.0301772372402516
0.7962909220260597
0.651203812359443
1.0203319540274458
0.6727841313458799
0.7923257158030492
0.742333498074175
0.6555260721815682
0.6176159605946512
0.8599326538390047
1.1790886888093541
1.1299359619367655
0.6544131104198498
1.110693290673325
0.5328607057490659
0.6546251454162738
0.8023505077882909
1.1652248745080023
0.976440521874297
0.7016546734228232
0.5211597728739803
0.6814889858526267
0.8705991073189622
0.7310504741508906
0.9834551986046919
0.7120277455243382
1.4769672461429328
0.9682849199360654
1.3924989627001523
0.7321822817766572
0.933114812016595
0.35239582996505403
1.2521301605779194
1.1238688003273438
1.0641796306132238
1.1751945350316297
1.1660169530773705
0.8341367043596148
0.5509513199130939
1.1367902985074891
0.746306923739035
0.8398917293334316
1.177447493659164
0.7556273886561795
0.786094331043012
1.0923753865604608
1.1293161381876435
0.6570777221339817
0.8187016532427827
0.6982447148888496
0.5520059973465636
0.6871496015099813
1.389549811602679
0.6160879684716508
1.3255105539534344
0.7376645796715895
0.45910725788542117
0.783961347152389
0.4831176435648388
0.9235427876153318
0.7917229655923208
1.0800372549599258
0.635612753252135
0.9364675020057888
0.7852799852093314
0.5550658122799518
0.5795074955631948
1.4197612753452589
0.8533882694857932
0.6532959301213096
0.7402208072292406
0.9180375605569638
0.6852710208387457
0.6054154940650439
0.3840648626831886
1.0693849912625106
0.90938307552243
0.9694252502554127
1.2205727364654033
0.9132012571517082
0.7088950281838686
0.8713401261768906
1.1142098013950388
1.0155177458182112
0.8949446998657525
1.1710956862316304
1.0508485892892592
1.314253254746656
0.6953760395370314
0.6787261709490052
0.9875724578427006
0.8080038634417279
0.8825862463109412
1.1812470542505122
0.6223793029466259
0.7766742974620805
0.552854147297959
0.852529899446908
0.6591834852359485
1.0444484922006887
0.5173394736702349
0.9084055471179565
0.48895834124483817
0.8101696305363693
0.7073233847646189
1.052104173153145
0.7694885425227741
0.7534237762299203
0.7158579850736972
0.40403360365191543
1.2474766216395032
0.5583034380369158
0.6471473568246064
0.5624471638847113
0.9070194890329727
0.4511965703169015
0.45712638769105296
0.8510798104761476
0.9404318523004437
0.588255449083203
1.0096259014670423
0.7877351661730206
1.3551210003536789
1.051120509807426
0.6645814991562949
1.0706065971546002
0.8367326326175114
0.7227410668524459
0.9807766883127603
0.8832080244970028
0.6995858702027767
0.9002576526843898
0.7097621510855665
0.6294769743627135
0.8446165391457637
0.8909278724324027
0.8316025808848644
0.8840873944039654
0.7122631014795838
0.713349467725084
0.927225357086842
0.8531548216378185
0.9303306926280456
0.6509527352910573
0.7854844588050302
1.1993447333680642
0.7737549251249825
0.9114076957209604
0.6357818119338287
1.5996208107904923
0.896131831267876
1.0006976243573178
0.5510684600793936
1.1208249711696157
0.9804851870395624
0.9274374630696091
1.1623427704757072
0.9940336296869899
1.1753994352807347
0.8821582135619602
1.3823800112851998
1.2384290605140134
1.2653904341908564
0.7002024427068136
1.3530911510856038
1.0166453596398173
1.2706793219095476
1.0989531749883434
0.8500808047035214
1.5500516536078137
0.9137461556487317
0.9598896132432165
1.016692879667683
0.8535810647655496
0.8501882672417037
0.9734021885165577
0.862294351552407
0.7139781042940755
0.5111072523010696
0.9078168449044309
0.849724625501876
1.6230948908806895
0.6851137692344728
1.0198896130651787
0.7322152158812429
0.5703399646535855
1.4009017513975104
0.8826193890674631
0.7689043341909156
0.8739440978637113
1.162930948317034
0.7077322672495071
0.5793811459607718
0.8326798397453431
0.8852680978277353
0.6659092199459745
0.9013246375758196
1.2343935191284539
1.1836206225415618
0.7252380597834455
1.0312850966587988
1.4672686003723725
0.7228728441760897
0.6316000234370922
0.8848006498129938
0.502313265825322
0.9996264932922477
0.6810171851970348
1.1573268388354383
1.4295597583218544
1.2915894527894536
1.2214741606858586
0.7408247076244409
0.6335192006870368
0.7739755130037501
0.8834925949089941
0.6605779951642039
0.8994554006100882
0.9005264473156392
0.802202977607802
1.085398209664463
1.262898131027925
0.7141334196615658
0.7237269382917156
0.5997566242159601
1.2405588359860245
1.0515813910102503
0.5908972198256429
0.977824401541621
0.5384135903553553
0.8467687085020115
1.2454546116490361
0.8329335931996531
1.0488930379888732
1.089463385096301
0.9571396288316111
0.9147601475898045
0.8281966710614007
0.5391732629088525
1.2390371782775165
0.9614885544348403
1.282552125074927
0.6172198005940532
0.6312121118649558
1.0464263173992383
0.880017880003581
0.9409412870619135
0.6977154894536184
1.2547163555503542
0.9933813314307435
1.0714342873791776
0.5870785346638202
0.7661972531156194
0.6454485267644471
0.9570649391511444
0.8500130057531524
1.0666124267456445
0.8095885198099597
0.7318854754329895
0.5303054006539153
1.158982752694128
0.7336375515143886
0.45505043375638743
0.881338313097619
0.5681821391199956
0.5633442685021226
0.80234840719047
0.8213731646298542
0.6324263629756144
1.0733466895979746
1.077188293809333
0.8374611696162182
0.6628143888729238
0.669321158523678
1.1787744791279042
0.6964018502752012
0.8324683637180973
0.6379250222804725
0.5408354451026075
1.1620092143315213
0.6226366748710758
0.8902691380963473
0.48101337663719335
0.6429406024043225
0.9402554882435931
1.152134698999953
1.4580675859577532
0.8509632305256233
0.753495203782
0.7833940229703993
0.9286514037997752
0.5920860457794692
0.6797202270530639
1.1605114051547598
0.7358949624041987
0.8433371117132146
0.4791550581631546
0.662098479669033
1.0171124225316013
0.7304103475024034
0.9539272073781812
1.174618672316718
1.041715613391369
0.49117488569266154
0.8277237382415866
0.5887054764323726
1.244774476286994
0.6049527612256544
0.5527614433026361
1.4863606691818543
0.775899496225747
0.7070690248168607
0.8199875205104487
0.580923884998907
0.2750085309991275
0.41463304490429853
0.9664064152510089
0.5430065941261347
0.5364689064265146
0.642475756520259
0.9530019686275314
0.7772880882743637
1.027871124623259
0.6665912207845736
1.2904452501562718
1.0299437512266176
1.2835815822092214
0.7753918861142758
0.8076390684996645
1.1757956204487623
0.875174772202156
1.1372663802168337
0.8161338823137568
1.0554400544312232
0.9040151982085994
0.7317171957204117
0.9054368339256861
0.6104818850672016
0.5876848369208472
1.1368428172057576
0.5791523822913054
0.630659217475704
0.6099558063426609
0.7618573924193722
0.796968307172924
1.1811886948466104
0.8360485078772344
0.65558071077712
0.9171761251792224
0.7393192188531736
1.2997208911966196
0.6220298490351003
1.7311531830732814
0.7647828326319852
1.2137281489317087
1.319789805903095
0.6768058229322143
1.186615214073124
0.9633744342294929
1.0762685532507819
1.2628506979840346
1.036102083792175
0.885259557369458
0.7597011323611242
0.7697654264386694
0.7363093794575998
1.0074784192234867
0.9197714701836058
0.7258195300943895
0.5568948480761189
0.5169762168483497
0.5775656893843225
1.692445004141632
1.2362249154839027
0.6392837370023096
0.7345643779400578
0.6804436718042184
1.3892914863169787
0.7300528095490431
0.6238176956865775
0.6994386811734042
1.0200309930275298
1.029761414844841
0.8576080297579866
0.6434774100056677
1.1260074401487574
0.8742358692904141
1.1077927610138119
1.031957685915012
0.8606344044792028
1.3262214517335147
0.715358333756556
0.9668954063999532
0.9599320871308968
0.5861910872373134
0.8609585091353599
0.9427016830050662
0.5827490069112485
0.77200212603345
1.1059090430263205
0.7543226355219919
0.9731743700544736
1.1303763240541342
1.059126364816161
0.47577571260681073
1.1935422956405204
1.5037464448043305
0.7159471753976236
1.3345502221743915
0.6963361819902987
0.9766311029844591
0.7676001372207804
0.8895212240552047
0.7088859050443141
1.0907550988760228
0.8054245463590515
0.8881833987749078
1.0305280849864549
0.6703411782145615
0.5265059206325686
0.7821882100814392
1.0176570479371387
1.0254036445200374
0.7462009132601662
0.7298614111417172
0.8831004734790243
0.6865451812514941
0.7807114779437225
0.7141015260789866
0.9538301572832483
0.9341651304374022
0.8915721448962465
0.8877228109897718
1.0103892563056773
0.6304838081773992
0.5332713653044926
0.8604490616600841
0.809125676883614
0.8831608123236577
0.5828886329046864
0.6267251975836782
0.833406506626783
0.8749944251367107
1.2657149246103292
0.8802931059962612
1.0045634268913801
1.2184267501281445
0.6633034543550225
0.5976626622243091
0.9133812286668684
1.3157939886220205
0.8530211272983724
0.8201836980808693
0.8519418495243799
0.9694833172329388
1.2534938274094996
0.77135196694746
0.810491680042474
0.7170922117095294
1.5386106924726797
0.845459044248137
0.9305122744627415
0.988541295518308
0.48943587131512334
0.6669872946284647
1.2189076343580358
0.5707402348105484
0.7470999688960686
0.7074561031778441
1.1300026303584874
1.0929978245626055
1.0900449249028443
0.5779452656333187
0.6108878766489381
1.134055022672499
0.9633265117955837
0.7599691227164934
1.065521336399467
1.1509607298928828
0.8405860445611448
0.4747391645954233
0.7487769522458864
1.459919387696967
0.8585141237382715
0.9002656636929832
1.268958348906611
1.4241558981171745
0.7827457067556615
0.9734227235816898
0.7987976423881935
0.8669905064742592
0.6641981855760398
0.9293715419829346
0.8399278993629611
0.5845572834758458
0.8868251459099713
1.0850351477514728
0.8814467177932607
0.9719479399855445
0.8460972910998668
0.6878672237269836
0.7730893343113594
0.47274226018580956
0.6427140543741986
1.1364606434034434
1.0520837753712018
1.019157866328314
0.9649504705948216
1.8670991121576384
0.5171178134973974
0.7073726035926086
0.6749630175853667
0.8507585918470782
0.6973275191112751
0.6071398265650294
0.802756768097476
0.8522532107547512
0.4396744264654454
0.439431255256702
0.9890771733414662
0.6176696878144793
0.7104565533017952
1.0364656084075095
0.9008685297131266
1.014703667677929
0.520942950870565
0.5011881698891569
1.0399534417615643
0.7144296364738774
0.9081251136184393
0.927795646111982
1.0444170285993968
0.9463802403746219
1.5771515897849344
0.6929366700748203
0.6647527862168174
0.8677509591840312
2.348569109507016
0.9338723297503483
0.8815198135385526
1.2802958957501438
0.7526980907660095
1.530178242736898
1.0928398308795635
1.5952211135364243
0.7728375891968711
0.593674448243763
0.6915916488570066
0.6896138482263614
0.8579604720836805
0.9080344072766068
0.7125932137474887
1.0574291360912031
0.7654341297061983
0.7449221573621778
0.868407994664531
0.6736004823356987
0.7602274564177709
1.1287781775496086
0.8648302812680079
1.0860288946721932
0.9506321302740263
0.5257397987121114
1.1774510070312436
0.6267787535592457
1.2369828542247296
1.1992250832937426
1.1266636584160734
0.8841090641881072
0.5478539868307827
0.8656678156335539
1.3665926610255383
0.7324671081560553
1.317367596729413
1.2457509635826718
0.736482435383148
1.0739927793487027
0.593480736191507
1.0483783274011327
1.1582136467956046
0.8228165194678405
0.4748628391738575
0.4309025260299615
1.0286047689117792
0.9129768863148787
1.0330665057141324
0.6952760508459896
1.2513381488201794
1.0207956592854337
0.5444259975146875
0.5714172050697016
1.0446239378699553
0.7525246989867062
0.9617629564436448
0.9444981364256447
0.9016306893178517
0.6292021818699364
1.294375471059666
0.8367360751336363
0.9221359391397382
0.9729033355967386
1.1331057448066253
0.9907214975245114
0.7323044196765969
1.0628999630600926
0.5811811367235465
0.8039617928752675
1.0816956541305185
1.0060755616102486
1.134782589490552
1.1851114810634453
0.6577580331781939
0.6284030874954516
0.5164945333650444
1.6973768224149066
0.8900623200924217
1.3606644590688994
0.6628564394023267
0.6079524512378474
0.49168476813462025
1.026259943456228
0.73822430949477
0.5304614755612221
0.9475560213798814
0.9185826086026322
0.4621016022907549
0.6838364185673149
0.8978912704287257
0.5647014363718793
0.8781069947293508
0.9043878191993066
0.7835407145174174
0.9145598939593257
1.030579069571461
0.8813822728009469
0.823757281227866
0.9045180560689828
1.1641869921871486
0.9867833610245763
0.6633775266156594
1.0988326686771606
0.5908594329228827
1.4679235059131326
0.43227114061280747
0.9690330942040247
0.6801368996043071
0.6438976432996333
0.7713465161029152
0.6622407114912983
1.9107585221394023
1.0357016484807409
0.7937445107061714
0.3550899378818767
0.719077691302418
0.5069765181605517
0.5788042255179073
0.6459463238284515
0.9564398594979896
0.7179168760872143
0.9982362899549734
0.39316991040655336
0.8203203495938444
0.920932314536513
1.1966186170210709
0.7481854461067732
0.8296397095733715
0.9153244417113205
0.7004395823329199
0.7108197673592299
0.4318108788929266
0.8900825210493198
0.8468667139377039
0.6060044419500954
0.657038007026469
0.7872686642052633
0.8361443101440892
0.746620733757542
1.0806409179292558
0.7800838901502385
0.700335180114882
0.932943072123143
0.637483650898602
0.8602863827058228
0.4760517268764799
1.3345689758015198
1.2640673373614784
0.6939068809738093
1.0686136464034486
1.316370292512714
0.9071982763968504
1.0208750284597217
0.9717202795581442
1.4412200760494918
0.7184260753365507
1.1200317091061884
0.7009116793471718
1.065602869777712
1.1456267956609223
0.5435632166691863
1.247391732693517
1.0899963255056548
0.7748946307562233
1.2378482394443324
0.7937793830411879
1.0887801201983254
1.0811351265203977
0.9391659810980012
1.4276526004666712
1.0536928879125076
1.2055095733165277
1.0060830957108193
1.298440393269341
1.0457994864014821
0.6430888446463995
0.5027709537578537
0.8902394826320831
1.2160179100493465
0.8651979173621828
1.1557273830140458
0.7492224350147682
0.8060840290159216
0.8613695177006316
1.2833559004001787
1.2308246103638854
0.8460435097342834
0.5213100630405388
0.7281984133959652
1.160172597233713
0.4996026951831175
0.5537220433605419
0.8726083003948669
0.8935445548952426
0.5989375201227826
0.874389471861824
0.9398727533417363
0.672457125174875
0.8677249460359028
1.0815882159086065
0.5024513208327361
0.634658083771454
0.8331496597869358
1.420535480756958
0.7873176301182102
0.8887674904056352
0.4808105245787825
0.5120616697326726
0.5677919415543884
1.1379192833475142
1.0301225802488179
0.7134458166540062
0.9840198297552615
0.9264509090804235
0.6444397683583036
0.6859896882702886
1.0616701992427209
1.10523430818813
0.6092902969293291
0.5951323214131973
0.5565609602805526
0.7797084400612457
1.0134773470010177
0.6001936770332365
0.48290038085679243
0.6856751651141074
0.7296236743056278
0.7472057641525026
0.736252921453845
0.7510660408465386
0.8560860465225434
0.894880262094729
0.46731758666000556
0.8199820649944729
0.9087201265519343
0.8157260102499064
0.736148711520404
0.8234279433370852
0.7803576357312846
1.5794745824320273
0.7630827513065094
1.2961200757206959
0.38488901248395335
1.058005841244341
0.8145205499507625
0.6125053972602438
1.1865567964721206
0.6389921192366782
0.6693131561719808
1.1184142524032017
1.2340988101608341
0.830158328888494
0.5042296652428852
0.6668052575033014
0.7669687515463043
1.2326765268250253
0.7286630272886848
1.0944398066199417
0.8809214091743035
0.9477058630256466
0.8283621941125132
1.2244053392652876
0.7477992644054495
1.2735318583817166
1.280577482871948
1.6035304496462934
0.761054320940978
0.9091397079745148
0.6605146347419515
0.48730344089946553
0.9159845292855581
0.8295174985704723
0.7606450647132172
0.6757338833723003
0.7014899113842342
1.213756705811135
0.8489262807681254
0.5217596739062581
0.6670331753768968
1.7929319789389886
1.330281783456363
0.7612511765940817
0.7657693521590405
0.7336544252948375
0.9362970032628232
0.9147812243943881
0.6890409796628069
0.9638466800419617
0.5666409257836365
0.9442480573682243
0.4453290605933009
1.1170699628136815
0.6429328248608287
0.4799818796844163
1.0291426773243695
1.3947036802551145
0.4109961161667147
0.7458929125568902
0.7721520155009783
1.3985148684488355
0.5120350964618042
0.9888137002703058
0.7466612502546868
0.9065987368581004
0.792652173641996
1.6259101664884121
0.9873831385003186
1.0860150333300667
0.7681367859619367
0.8513642928521806
0.8744658744501016
1.1058323714205804
0.9015897091647792
1.3778924536676092
0.5445772726338546
0.5650802312494173
0.6633930582545674
0.6580059478052281
0.8381886816521154
0.9802434858041219
0.7714128446900428
1.1997445287698074
0.8128775151196813
0.7366295764052687
1.121647880140102
0.407169942434114
1.111665217777621
0.4783188905616631
0.8099254442708201
1.3332307969492907
1.1576704719864297
0.8909838760996084
1.3198805350376224
0.6354324940090894
0.7998998083130653
1.1864088240571307
0.7673300501692615
0.8182029577652012
0.5222054196176742
1.152624946808042
0.5864391587508067
0.8631261019540369
1.0416395150025661
1.0535582934565566
0.892296270771641
1.019865689388981
0.5071011475466448
0.8193385763151978
0.8361024484468852
0.5446559377657542
1.1068828529752326
0.4787788424215029
0.8651700699275392
0.8306076134176019
0.7528644441278833
0.9411487819272021
0.8089755864450532
0.8883613493385384
1.5371600188445695
0.8559598893256378
1.2668320859847586
1.2820807954488669
1.0095346785787747
0.7769484340759567
0.581349794502636
0.8210343100109523
0.923574172112586
0.7765458060154087
1.0053689449999073
0.58962584239101
0.7297844556402304
0.9571142414867467
0.6730635583092806
0.9050923823745193
0.7771908832731667
0.6778569915040166
0.6835257700382082
1.1197988589558858
0.7280228779246758
0.7477167041453087
1.1347229207430838
0.7820884819069215
1.0833777699146734
0.5619723763857538
0.7441037513584823
0.9991818045004982
1.038873952749352
1.0964478693444184
0.7225209069278368
1.166362412989612
1.108293304590439
0.9661988932157747
0.8324544791723708
1.0441960517030013
1.227428111444751
0.5706391190869746
0.7337249945821759
1.2235857178166027
1.2652261569494596
1.1253168483541247
0.7376289526998907
1.0329574508941328
0.8171325707181551
0.5476101386515749
0.5803367372131493
0.8062386131178982
0.9282289189068101
1.454277372276938
1.0661926495221052
1.5763313870655844
0.9026869012719375
0.9148223657152544
1.1423760912752932
0.5532347762604349
0.8924935287277477
0.70069033980736
0.6757889881648177
0.9967348335248695
0.8709184341161517
0.78405786608976
0.9384389609173877
0.9951430319777937
0.7522127323432927
0.3462682415485261
0.7370137403743492
1.067799902946822
0.8261629672332428
0.8204988485900488
1.1067859122154489
1.2267438163233297
0.7729519207507587
1.064984142087859
0.837661941567343
0.640846906938548
0.8577143506942883
1.2543915143566013
0.7334195415931277
0.8065968982851303
0.8220577159693137
0.5152335696891523
1.063056037792041
0.967967852640142
1.0415588588522537
0.8205829856120939
0.6545408024926298
0.8498191240635653
0.7976295309594573
1.2881612696815978
1.00869319523445
0.8797279641159156
1.1289104996772732
0.46646977279439883
1.2605279489703372
0.42959381549061904
0.7176668287311706
0.6054471640534621
1.066910658865686
1.61536599514295
0.8661765161597489
0.6473785583191245
0.7423169616017115
0.6686077369544131
1.086412228863223
0.5079936873112548
0.6412725265069018
0.7811904231391438
0.8034912639819265
0.9216307180666273
0.4584594173884755
0.6586255136385437
0.9271890395052879
0.7537971321517938
0.8798403366161022
1.297915367719711
0.6374462197859541
0.5370517225273026
0.7627812943421375
0.5302704940591029
0.6436986670403204
0.7916959979285353
0.9847507150652722
0.7722510292840625
0.89844276586572
0.5199887741676178
0.9244606615951313
1.2598086575085539
0.7106514856286138
0.4866403645679528
0.7267987069213259
0.703025042672148
0.7324194930351462
0.9168761214481661
1.0763009327947686
1.2518174080050335
0.382693981781147
0.8373719823576704
0.6255272521755236
0.9217567231493135
0.556853618549172
0.7072718972337052
0.860888658130298
1.2062429248122652
0.7847389178174677
0.7139499962665714
1.264413150504511
0.8585460332520275
1.1594178725664095
0.7912458554809477
0.9702985235101412
0.5590658196272728
0.8267153151780336
1.4065862612896223
0.7056232540326949
1.1375789932763656
0.6617214198632019
0.9050972876023872
1.053489539115492
0.556325792639353
0.9883505442501835
0.904638159892465
0.8342930853786592
0.9226742014510557
0.8212483142366725
0.8117957929863081
1.473282594624836
0.6606731659718199
1.1446747160260944
0.45300687707568
0.49797967666525156
1.020772256626398
0.8122914304471194
1.4293683089618874
0.9290259358841723
0.9919366926096688
0.9382008982265152
0.7551306594289494
1.262492118902649
0.8534893266954436
0.9002282212411145
0.7405474403041462
0.92156468665872
1.4894025035698442
1.2615301200990852
1.2299114475315658
0.8562599167840251
1.069386965844538
0.717003437039801
0.893286138541744
1.1009306889922372
0.7593246063668276
0.98556387877602
1.0139679133654367
0.7883036783963617
0.8113317315611348
0.9219914442858769
0.7648726360893926
0.7766764685775539
0.6167158348209351
0.53959326264969
0.782505914796675
0.6001873352894217
1.0743550774080661
0.6723207747239026
0.8070748854411569
0.6667315827522903
0.7202755232891215
0.7307955212000659
0.7239465435502411
1.6213230759634871
0.5592627138754556
0.5728545588538808
0.8183203477519927
1.0096560441438733
0.7119944173442455
0.8984452774950024
0.8764098128527881
0.7274347425050788
0.7337226897432606
0.6691759470645641
1.2453117346500486
0.747169339517797
0.6459218694752349
0.4442958490383734
0.7006183440361214
0.8971208945587791
0.6847775407311193
0.856076070697669
1.1674746421858566
0.5361632613840969
1.098020655048172
0.9057696898748641
1.388054626568075
0.6927720261205748
1.1342394516321088
1.0103569011760138
0.6159604600151245
0.5553779837857334
1.0521506221007895
0.9708834691247047
1.165412367047773
0.4392677087966964
0.6485489443057703
1.117914009374019
0.6777699031500961
0.9085790345100117
0.9057165772539165
1.4557940074477413
1.0229188024996878
1.0138915002047493
0.5873760670425567
0.4081244106076629
0.8631804450897272
1.5803907548897191
1.0084703520990155
1.2808683260103326
1.0933101279996735
0.7866855406470091
0.8591054238100256
0.3905881171216279
0.6275317057929439
0.8908488131580466
0.719617247236189
0.552480241882682
0.7270556467542454
0.6149367315601054
0.758955456800747
0.6523518730607945
0.6429192673780117
0.686623379324987
0.8424638328877265
1.4317811990608715
0.6585268397147679
0.49605967543559315
1.038194196754071
0.887668373660588
0.7640519396433123
0.7352024517501666
0.8064476585826799
0.5658226178257112
0.8980164588618246
0.6589773744068603
0.9455399645104151
0.7493428303984936
1.088586033334005
0.7182715045707242
0.796035033573519
0.6426682352746731
0.573798658242205
1.0621542158272217
0.45376741572181567
0.8382330603995041
1.1053884131906297
1.1029960494353557
0.8706966454612083
1.198023183731482
0.8698838308788562
0.9798711487197095
1.0995915851492004
0.9617722212969554
0.9957426038894749
0.9815679857012264
0.5786165245161201
0.2636600203361481
0.7721471953282276
0.8014738285371564
0.8539116207537983
0.9913365579810177
1.0893573079213694
0.7069046150525437
0.778597135396504
0.6388554806807377
0.5166468046357638
0.7412177452158232
1.037405161958156
0.9390309800369557
0.7590789505713922
1.0940023495816265
0.9276559543979924
0.7654309196725374
1.096258262693193
0.822590730872802
0.8424724978990472
0.8948615141860238
1.6817871211708244
0.6904404701970691
0.9946329563609605
0.6533473282107942
0.7908017529149968
0.9298930981133605
0.8453934361336892
0.9923697640398944
0.7216181177527149
0.6392726059939382
0.5453239491754714
0.5555555406650534
0.7577944518639482
1.043672528570224
1.8192841021649153
1.1302204521707182
0.6415174520777108
1.0147467041214255
0.6042933485489618
1.1454227526473413
0.8973183081052015
0.7022904881750958
0.9403847095447392
0.6061897740417315
0.6582369351256006
0.9923906147392904
0.6720718807184778
1.0772808986661147
0.9737354360774128
0.940613575836199
0.6820273501311248
0.684948752827055
1.2545521180354133
1.7077207275742439
0.9527491801313864
0.7612946896744843
0.977598365006689
1.0511458515992176
0.7548408558348565
1.311860510553768
0.8380215689411123
0.5996878466918909
1.278191431737269
0.8438709454124219
1.0188931730277655
0.6285422004122531
0.6447132612266501
0.6803189218871974
0.6803428420742187
0.9234668928698581
0.7627591456435556
1.1803171516461641
0.5882552835634188
1.5588311606732879
0.963648027175963
1.182494072083133
0.6318464863900296
0.8582717257304614
1.1504138831481232
0.5131304026587564
0.6018419854445354
0.8809393532119784
0.8667585951289037
0.9945838652822533
0.7643391916652365
1.0177918223421447
0.6779591287006614
0.6077187262594265
0.7755488354630935
1.0441261946042932
0.6340645986700733
0.5449447996183319
0.7675808789384808
0.7238884704995626
0.8919915653243767
1.0801864959798955
0.7505972490765563
0.7321747633463973
0.5945904937509624
0.9528352848234599
1.236209457605143
2.0686232403051763
0.8713735762049394
0.6385628843497988
1.0859224810379302
0.7582730446251392
0.7460364243618586
0.7896351020235276
1.1882255679152482
1.0801740568778377
1.2216230021560857
0.43803037309640214
0.6532353866462722
0.7847568747007059
0.48452563116203295
0.929400967396311
1.0169082186043028
0.9645817202174424
0.5516360780177298
1.5353487851193974
0.6525125038809829
0.46501632208008725
0.7315624100780708
0.7559543404784933
1.0559481373694446
1.3682527681286147
1.0852584994535786
1.2419955323398626
0.4850860543923904
1.101128846969904
0.798950513938248
1.06767838488573
0.9355820728038432
0.8414735301246494
0.780780074351067
0.9289147511230812
0.7729121595461779
0.734514003312091
1.426380386204658
1.1100376993051522
0.9830444677189764
0.7454919960722858
1.1627781926461134
1.3645472893035016
0.8658994043637381
0.834377497483726
1.0077300624579741
0.9784514911871808
0.6822825601278272
1.2073539004510259
0.9057293910526146
0.7847509139416117
0.6421910593684346
0.9732584837581898
0.8542343401725704
0.5927951892421445
0.8741736382088824
0.6327498678140904
0.8160816527505284
1.2894901464694515
0.9145792573932522
0.9792531825560505
1.1479935153538081
0.7015184117293689
1.2412060425129137
1.333294366739169
0.7140337006212018
0.8354371754117544
0.9391281251857125
0.7804560804082362
0.684426405450092
1.2292295718500792
0.7902820562633542
0.7286065996821519
0.9929709545408273
0.8875972842040579
0.7322178863663995
1.0116493006753864
0.8608749550225702
0.5680154475216126
0.8215275086211746
0.640591436971995
0.8038002472218853
0.5617201129258101
1.2367678230502577
1.0449149432180982
1.238458691573342
1.0556367916368292
0.7822291955520971
1.2988773651197996
0.6916640231553121
1.1888382481027624
0.8609123578236616
0.9601016981035971
0.793940095467351
0.6662197597714284
0.5862681178206391
1.0302026022391315
0.77651273103185
0.9480120228164327
1.0015888690878079
1.3981038613332522
1.1398292810092907
1.044080099801614
1.0164618007500823
0.7113230228539517
0.888023882582993
1.2169690742074004
1.12459087072892
0.6831681466453615
0.9250836792130362
1.2503690971871875
0.5797782149058006
1.25997224744386
0.7231304911835593
0.9198756225920875
0.9836643298615894
0.9147700553398826
0.6456794705022354
0.9094370098423293
0.9811890670841411
1.0398553249170397
1.2411319186529062
0.7008467486138439
0.9702375761474077
1.0611168878426152
1.41075736537037
0.9022216838398712
0.6518480325487275
0.8611972003099703
0.6407224741390806
0.7393171291421753
0.9030030163476263
1.03343818541908
1.2812136866258694
1.2421482227774447
0.3068344993103901
1.5616486586206233
0.9482414577400399
0.5755322199079067
0.62043570892503
0.826270684274308
1.6267354499728872
1.4225331282782827
0.5866242145845981
0.9409025364977645
0.5649015764973392
1.1651042309348998
0.6834273790524079
0.9282470906955719
0.6904073722111156
1.0977809485585206
0.5027104983790677
0.8650661538746885
0.5938323433530159
0.52211940161185
0.7621542471207897
0.4992750478845053
0.7649946569683134
0.770146725764743
0.6899478318013317
0.651500832745331
0.9908295297300466
0.8672857646305906
0.7176382654463399
1.4616233897959365
0.7404316362559338
0.698552058117781
0.8778212290051534
1.4487285864637818
0.8018571542575836
0.8785648065795696
0.8860411519436232
0.9174190301575788
0.7122856427986991
1.1095478755322652
0.555096163151756
0.5974705638794364
1.20178646262664
1.2241765356131238
1.0804002199662528
0.6399384310609618
0.8883783492944864
1.0352243933279592
0.9428603207875105
0.9376880160016455
0.6987426374623021
0.45839680335020927
1.589498713911235
0.7086121838264602
1.1821661783990398
0.9031769821519654
0.947150958248563
0.7439976913698669
1.040148447104608
0.9941294883464892
1.046134555160709
0.559728406569908
0.846933358202775
0.9990898081480498
0.8076910479849754
0.8414392940535151
0.8363176188970601
0.8453873740211983
0.9579005036524865
0.7125311467302347
0.7901355391646958
0.6529859427643829
0.8611001341103129
0.5211194758696331
1.059523282330882
0.7054706582494183
0.5586168515652622
1.2391261177571795
0.9339445872418671
0.5981161166422223
0.7022991560738131
0.8456879534127814
0.6774992717401137
0.5847290608593522
0.7804988230737707
0.6633586510436903
1.2444311922186018
1.4817641953960141
0.6163541078590699
0.6328606353789317
0.9355397194155798
0.5754296758430599
1.0467118368552963
0.5197100248654624
0.8042140072480753
1.0410639014746246
0.5977756047117058
0.9466007797995363
0.6859009357412884
0.683390814486412
0.73905410494679
0.6404848974024215
0.8575246050182189
0.905978709239856
0.6729933607727944
0.9433375683295712
0.9588612329006
0.5450686016646027
0.5823704835340999
0.7487205967962011
1.394330193826014
0.7748893440045064
0.7487570033124163
0.616411379886133
0.8366781444552
1.0570301119975518
0.5491275654425403
0.9135898635061505
0.8107013556036903
0.771187945668933
0.9066227226285354
0.6498326813490561
0.8429143468108311
0.93444001817967
0.439642216017172
1.0018679042650451
0.7515439236483666
0.5886125149689067
1.1237078405156145
0.8372389856374086
0.9511791255981225
1.2311821087004475
1.073244506691324
0.7888651333568018
0.6760332697131247
0.6227399847039858
0.8649084482218697
0.8996497141729841
0.6207626531396997
1.005276259750242
0.8079691993533846
0.6462530742814674
1.0411972238049179
0.33587107043588704
1.137569332526194
0.8205892372649676
1.1948192254360923
1.1282544179786793
0.6938139198987991
0.6660894655941064
1.481905173045751
0.8211423467419806
1.2782328195994375
0.7389145794019226
0.6730676472552157
0.90328718626768
1.0286194987365431
0.8269769850575999
0.9039730378595717
0.4345936767313391
0.502299341702433
0.8704764544622062
1.013781442588402
0.726889042707528
1.025951464757005
1.0853684214187203
1.138056680788176
0.9523113106317894
1.2197436845354608
1.0787072888937486
1.0311814624048428
0.7442943949140656
0.7952460407633734
0.979392618274355
0.6215698185786882
0.6420818970662742
1.036751897268074
0.7631136089373717
0.6292821627538129
0.5441443324075097
0.7695047217762733
0.7993425348624752
0.730384375129353
0.5594125439487461
1.457165121142261
1.3530747530141285
0.853856953493832
0.9683486408533998
0.7600669668538584
0.9157642134535836
0.8697326291348882
0.607358483621359
0.6437907313919933
1.387043398270986
1.2165199521017946
0.840459164362073
0.8282043793061833
1.0115887973148492
1.1779287961820175
0.8341403079472476
1.0479306372527737
0.5129848489090462
0.6439349283673793
1.0349255831855442
0.7283659013260756
0.610617419203061
1.1948780677283672
0.7473623932132625
1.2539565999753857
0.6604271407472074
0.7090936346121117
1.1792510217845682
0.5606276989732205
0.963766271044009
0.9636534388695986
0.9301260076479508
1.0884523357988622
0.7509605979956084
0.6616631794793382
0.6585032138186644
0.5468931870758118
1.156237682397622
1.206514720173898
0.6206169729182835
0.5415212552809832
0.6320950555231515
0.48715706308189166
1.0611923581071836
1.0032004878863814
0.9979078311628397
1.180774707868985
1.0296455490885814
0.4720571080828697
1.0916465521569825
1.2986937212924012
0.6444244164911028
1.1738669447625913
0.5016269243053884
0.5620267361745636
0.8244887792036812
1.1395403064903369
0.8564381200606647
0.45946720842217703
0.9161488802556824
0.6941066714959977
0.9184903112563737
1.104501150867866
0.9036297605824958
0.5283639976400559
1.0346669987294714
1.0002668089455793
0.8310760279802996
1.0395615043175657
0.5581668573960383
1.2681757789993182
1.0632059930885396
0.884980424090774
0.9334162060112906
0.6181505500972803
0.8401996667649834
0.9651903044081888
0.8006422594078472
0.49901271426524885
0.6059283483757208
0.9988583583114069
1.053726609704239
1.0048161784352894
0.6746206344135639
0.7499376673103683
1.0473757053831299
0.6032507334749799
1.270327218998456
0.9929629512197614
0.9103286988435565
0.8572579895472822
0.6938715737226544
0.9026327369628752
0.6166842985547224
0.912148988057874
1.2072238364435037
0.5326265279847061
0.8511627930067013
1.0424826060469978
0.6029855440145087
0.6159876863160593
1.214322639335494
0.6749549269620614
0.7975082896254653
0.4720001319862035
0.7482226471953445
1.0171516798418403
1.1985928324002846
0.6922334964684479
0.5618753569549527
0.5923873526649753
0.7821318562054553
0.5275578212876109
0.40931399801500046
0.6938074754881987
0.6783731476795648
1.1494102390595855
1.633882867890004
0.9044611732494604
0.90519969690183
0.513906890239031
0.7220863899468155
1.4282626400851879
0.8650355451856272
1.1521025571563732
0.6820373749495355
0.5373279947427139
1.0638928249900321
0.5900921312583571
0.7313532625676777
0.8400654240986122
0.6565183564519175
0.6524479692552191
0.9310710076899172
0.9488556389532582
1.1252348838265231
0.8627967526465611
0.815108704586639
1.4587515402948428
0.9222004651178511
0.8888683361875757
0.9874177124793212
1.2493736387973446
1.6600882503534127
0.8452331854165901
1.0738947658690734
1.1954496263415781
0.7793615934676241
1.094318734104734
0.6848057885652525
1.2236358586251888
1.7626843097398945
0.7402578097825517
0.9350622098475821
0.8748246501953726
0.8100054424159154
0.6380350084480949
0.43214181541937713
0.7031262749826364
0.5624867658684091
0.92396068389937
0.7334737463355014
0.628749713299516
0.6877382638282754
1.137116054673071
1.083840412982577
0.5982314663287541
0.7595262431198145
0.6718834969166279
1.2914549101852832
1.19563191200165
0.6277683828680374
0.6895589421643953
1.1537590936447666
0.807939043022686
0.6787645325248899
0.7818840994093432
0.8064763616609452
1.3336440785331214
0.6137103333499803
0.8834052334649926
1.0183265180435752
0.7324741291190148
0.8476480680021232
0.7519675835185543
0.5023149015100217
1.3368383256695062
0.81204071162199
1.0846521810255907
0.6225691584512052
1.2105862961626486
0.9925993943111006
0.9519080240248293
1.4397138368641076
1.2499011719074855
0.6640290834412008
0.856121497459784
1.155337564465552
0.6746638729244043
1.0281684147296715
0.9680074667658946
0.7948191716126511
0.8696089807651254
0.9972677224312761
1.277616628142635
0.6952620385458247
0.7926479781584124
1.1284105643858195
1.714745437180589
1.2151287101874793
0.7307890203623348
1.2341947479758517
1.2658972139650977
0.603751921785625
0.6329475573741523
0.55478845547253
0.42722398020854824
0.9800617255486136
0.9282123678985786
0.8362913553325662
0.6234934948494374
1.009445376289936
0.8527365846341642
0.7309862498756502
1.6631098348080695
0.7187087997804841
0.8137070501488518
0.7606411488987097
0.7280597290509496
0.7149055473998763
1.6328543873201267
0.9093887705682001
0.9283820323002773
0.7894489135051646
0.9819391250046198
0.8865036418370301
0.8247636280443169
1.0041732430084545
0.6347990678695266
0.8197973727741188
0.8095563873618257
0.8049651876371327
0.5906451033526393
1.5590509933099177
0.810790201184436
0.6720050509692271
0.979838501791679
0.6725108949458491
0.9583041630265775
0.4927011066039405
0.6351864262093297
0.8306532634090277
0.7261712081373548
0.5760458562447002
0.9093411543186992
0.8530942794132071
0.6412342238011215
0.5512938050629468
0.4878182638051667
0.7345297794705957
0.8766623253976468
0.5656954511895486
0.7091224545215111
0.9974466938776937
0.6898977464315742
0.8322599138560924
0.9260624985883293
1.2936879683061324
0.8144319700551735
0.9251084681023637
1.2471818203331007
0.668468344238696
0.9708045870577547
0.5555197879309327
1.126992684345691
0.9065676400491182
1.0263579588798157
0.5334959791999478
0.7965680145504274
0.7959512441156785
0.8314551729846786
1.2403696580466848
0.5426124599923035
1.1653987304186457
0.814765401346557
0.7853050558586693
0.7304005567194067
0.8487104324496944
0.7746897429225077
1.126512017477847
1.1594038710547012
0.7491184618963892
1.3511086244367974
0.9327012556574795
0.8462609889477621
0.5751855248595813
0.7135489144880521
0.8511765912019617
0.8109741509940882
0.8631914507051915
0.7737213016140377
0.8362580554482847
0.7062337181228416
0.7756877844229985
1.102082540315776
0.9044477008739892
1.732250813006146
0.7206962454230764
0.8100574859228818
1.0675369370839354
0.8362610876266767
0.9780304686316895
1.1944221753451045
0.8158895189953225
1.2017111112215986
0.8773166546568357
0.8973780939360664
0.7408542698402536
0.9008446398753674
1.3041983853091317
1.0692098664809497
1.0398576616629096
0.6879356472761742
1.3236604033322263
0.8549603506427644
0.894874755192704
0.8663299153865379
1.2478299178950405
0.43930000724541507
0.9839806523106448
0.8097017931671011
0.8374092263322012
1.014757482610433
1.0380813310243786
1.2095851873531915
0.9807841485283989
1.1995039965177274
0.7722613699647131
0.9351782657377513
0.4810994088015913
0.5625695467972297
0.5189143268961344
0.8587261963125211
0.7418109077926572
0.8211538741729799
0.35263731907200935
0.7755331760096543
0.7211720503025217
0.8017692083577325
0.6304212156003993
1.394571785497419
0.9955036997858452
0.7408406449176393
0.9021663899469586
0.975163385064347
0.9017010618739055
1.0139595191338184
0.467759897152623
1.1002385075963128
0.8943604964817587
0.8164943772447889
0.8914825903578624
1.4269567216951287
1.1043819976330418
0.6924675142985052
0.9789738050356828
1.139383128926193
0.701621001322793
0.6428159647265926
0.6852789374399586
0.7867982641488184
0.9204005056928627
0.6588883372736507
0.8943187846626764
0.8903315260208396
0.9572474704462158
0.7777908018691672
0.8498899726034104
1.2178693064766852
0.8378689641170808
1.2113029843806769
0.9404520317404227
0.7122648279309244
1.1728233589115813
0.9307831369429179
1.0681865563609378
0.8308277536061465
0.6694393197698162
0.9769478477703987
1.4383751831279554
0.5275231477882852
0.7862521255034871
1.1828573277263092
0.8240646383232967
0.9646874505222661
0.8213178404944073
0.6810113944004412
0.5724734137529961
0.6714942867459889
1.4335657981069558
1.1026391153058184
0.7063447230730406
0.9149679528854765
1.1315043760636387
1.0909293156292017
0.7532426048701302
0.5073341202880156
1.1692914017271172
1.2252407176235554
0.649704358540896
0.5558424118869746
1.4816328166629997
0.8249419173511756
0.5291403066746493
0.9939905976083311
1.1247766018357979
1.0910150588155003
0.5519834559617789
0.5149335448055762
0.8737590717234306
1.0995038448095482
0.6090390588186291
0.4776506827297774
1.0676863998883552
0.8746516894423725
1.0193886849349254
0.744515190845748
0.8018876429240228
1.5805067158080324
0.7436627208013895
0.9133403027817409
0.5833970434452012
1.401516363063472
1.152872868787064
1.045980786913844
0.794466737118286
0.6312514539039796
1.364564706361772
0.5258601508003817
1.2327303006914303
1.1031921802267068
1.1571318785635218
0.912211281298868
0.7297361867243801
0.8196108622208342
0.7071776534607098
0.6009726291885729
1.058947659305248
0.606689733899254
0.7924358727540559
0.9083131605611848
0.6869154955452477
0.9642542116876146
0.5176756923616334
0.5921797148457975
1.0956424944496368
1.1971184197038893
1.2032577822718211
1.0268206470182677
1.2169068674662424
1.338142250108546
0.6563572797485895
1.26459430414614
0.9597263734186997
0.6126791367306507
0.666951176726265
0.6033861002491145
1.3291227470023699
0.814787762790747
0.8246444982438552
1.1334000461554645
1.1634009837605235
0.8084636987330285
0.8669017153223034
0.5304927262759368
0.7637341016137276
1.0221298564442844
0.8338407954462931
1.0512968557214915
1.1375848135409046
1.2286425386311568
0.5644756428892823
0.8008252336271873
0.9119114053826011
0.5812409724546178
0.876719166762861
1.0194264611728676
0.8849388775549142
0.35993580868419073
0.8899266308054693
0.8988284867528377
0.5734168273329142
0.6833719542134206
1.5746065274188468
0.47008861758793785
0.8124442928318168
1.0169713171226193
0.7370683242957238
0.8898104183769188
0.5934759122191683
0.5035588955237525
0.6881444569175089
0.9622630611233048
0.7718470923903348
0.5747243057863088
0.6433766964387286
1.034115795395771
0.6092066750631083
0.9249623535126473
0.6978500723539182
0.5903972962048792
0.5967106074107453
0.8308981523069922
0.9625256914958643
1.8682660299617448
1.1914106573140348
1.1666948029995656
1.4369650338505315
0.7622991855705311
0.6437448128037044
0.9561041982021027
0.8625856686435495
0.6454319263230951
1.0449392448232904
0.6131316209601408
0.7358861770773277
0.8118882718165994
0.885597083685013
0.9793212869704314
0.950685346192298
1.0049794350531933
1.5268719258545789
0.7380282485292966
0.6806789892236282
1.169693237390593
0.6778427855693208
0.8153904696558147
