361.7404324632867
542.5434959736513
306.0526913600769
339.2885000962504
296.0202805290968
348.6161723278234
353.01725034509343
291.13456025611794
352.6202758804892
300.70181871691057
422.32086690691165
365.6708029612177
466.4242700921123
397.2467629543507
356.7505175058221
376.8008764607217
398.8427541049016
623.5945652225263
392.1315865985962
292.22952406302613
412.6764356765634
383.75562489703657
560.9446022651575
266.6107044243641
383.9264718931397
260.4171089452723
320.10688249368746
413.1767968007957
509.3478276071379
584.2222987678246
414.7386198602019
418.7355174773393
650.0422628303356
338.75929308060074
363.2772672371556
356.4992978151371
559.7884325854073
500.7563591472593
488.00739605290306
325.18424019427584
478.4953479746125
261.6277150074098
464.6221149147289
604.2844962690021
441.91005063437063
362.9951665762653
482.80770028260906
561.0702185562828
420.2774786891716
354.8744559633738
574.2463887732449
441.92794394578345
428.0706960386237
376.0869237166576
543.9729064798494
405.9396130720804
517.3989601252927
390.1954563717595
374.9626978595209
374.1725180756562
346.8860405936325
564.3798581582506
548.0308706801076
388.195047149081
464.3783920349753
309.9350575126319
603.5165380465374
472.02787067983814
354.7852039971666
502.18041481045293
557.4743423038698
309.21805755753957
414.775665160368
551.8155059148637
358.8624565875952
536.712790437562
241.50909745037927
440.7757890534905
430.2287330347957
329.9937180163296
489.3921289835447
376.11828459043915
419.114990884852
312.2367184102944
405.3238641191233
314.4422064623509
344.43708356321133
436.19258883829485
498.04368781469947
613.7650051275224
258.5196521314487
397.14856347850264
484.616636187816
442.87227370882835
443.87742367461914
530.8018127545486
477.19527199342144
349.06183040597386
511.0872719380555
345.0040806522065
354.080982095251
454.93168361042757
242.52076126325395
276.3762074725052
249.11469740198535
291.88117092342287
390.22242466706996
259.99047188204094
500.81456627002956
428.78281631433026
500.186341235675
405.8875149701733
309.1380923143568
329.0399425425734
296.4955019338031
529.0441107546021
451.2688213219142
641.6508840724229
321.6988767836563
357.31230689333097
225.21121737809506
745.7469249189251
644.9335219330786
302.93990439602936
459.77351885186516
407.8436094314415
445.43234287293274
418.85393065870977
427.73160675271487
506.4852084005705
282.8402941558821
380.46405529775416
358.2873670312593
508.9053052612114
488.79422984987156
304.2319795669062
649.5014438514548
300.55500155302354
213.61500399460698
375.0378017361665
485.65647933599655
456.39774647732463
222.1617870211601
390.0863320840414
390.4941676609218
597.1712849278114
244.61015310898665
500.492733942511
549.5961733610484
418.42539588125527
366.36151641740537
376.75411394516
378.5989500743966
324.8677784676279
350.3464145758576
296.0551710922558
433.4077752383122
527.4977519418771
393.3664022450745
490.3845435800347
331.01178676287293
401.21214068754904
492.2690276845057
506.10141801604874
475.0945763585376
399.96764859045896
435.81673125211694
670.0946024766575
321.37638831800933
487.79148668420123
396.55246553664335
287.012347816547
278.7963248679765
443.8853688683298
478.4766291334969
410.7922041518233
515.0921046554694
348.17260896079364
406.5640280799155
321.2115893968889
389.8365030931341
441.9253234449704
265.42728699103566
221.72101274487886
657.6223710022974
423.84744625560313
434.0257784871065
617.0350322236303
463.0441393231069
415.580545042714
568.7773271425575
509.77605900495973
263.99436235732617
362.1834803597277
417.3971332538332
301.4771617015614
336.5718359012354
461.5489145116665
328.13583510191705
574.9988474986934
537.6483787780505
436.41034796682357
532.8712840857314
635.267194263394
437.87244838666317
318.2508248177059
351.57140525849223
489.6162742910292
485.55107378380455
559.6573595612396
332.02755397774655
413.66639921544066
495.6917079492522
555.2400973930182
481.78753685003466
463.65741995991596
344.95620518841304
391.2466952107837
402.29564902299336
342.92720738039003
399.7755346557521
395.79689358074876
464.92049097148237
434.5309382766977
446.9588477539394
467.10468488088907
297.62895454363695
292.19414778615
347.81289505002957
567.3022120647847
820.6695431378632
325.9836670413337
297.82079611731314
502.63729428788986
329.0166130102715
438.4513842761387
584.696378607671
521.8880090742475
325.7311500879431
408.49290714288446
316.55786249198763
415.5392618256603
418.0412484644497
531.7171996165395
409.94473545520754
277.06960237039067
283.0011492622483
393.0978230786413
483.98643258104664
320.56228520202495
371.7439533106285
380.51379885259246
284.76374840101965
608.4164725731404
354.291864453892
359.1001662356811
253.67124439200012
532.9450793299366
336.20870731853233
302.40855201996516
322.257118480179
412.9726996788022
482.8825555599021
339.2157466680801
395.76710597877025
419.9137381753773
386.7262580561229
853.6893469247985
493.8755956679069
449.915785774632
563.9236058114633
672.6041967429791
448.41215795375365
310.27130205986515
539.8390032892975
412.29748503489355
404.3379586712615
657.4418943082254
536.060373822631
341.8123443600751
345.4285656847519
491.682937084732
385.425801840526
327.7511937406869
385.75779397418995
418.11405710048655
377.5328071489107
511.4775372919809
312.2222421271657
395.15036354089324
335.4250013089887
534.7249603945079
462.8645989794193
631.8815846739666
489.7773674930679
561.7495565349166
415.7128601364224
372.7073642999611
248.10459867703742
398.6796604252658
337.9540308433312
479.7122487674971
413.9794753630082
517.0620450651518
308.6060462594262
410.56541049410674
362.3620456711175
359.20224935645325
332.5092306393517
353.9312605957938
527.0903040680957
398.5902849875149
432.9680218258722
629.4546506853106
460.7910550597714
564.9158626893374
315.9159126272713
316.36121923416164
473.9567245625602
583.2254660109033
482.7378966802015
488.3792010851154
429.8478274563704
488.2344637520719
280.38559356219804
475.32055715040747
399.3553288475517
310.55352625631105
514.4340193284384
508.07538685141185
682.4263311703228
293.10139926516194
399.37055827432675
404.9578656459622
494.8613940067751
344.5996105219884
316.861630425111
412.47308458872914
413.10506056578583
306.0016479001361
452.0709540200292
492.8423653087313
433.9650394570546
434.80956937778274
591.0232971304054
492.63776867550257
409.41512009008216
524.5289066672212
412.96729067318756
389.8621340835593
343.6119869193133
380.2296625998922
576.9694553994364
437.5495782895371
305.4389858808758
293.1727653679778
421.09989948775035
391.82462822390016
300.2604830701343
387.3943090713972
389.4336633905188
561.5494440694023
457.701522759626
192.3631259041507
310.5806162673308
307.6503964887955
648.244649686882
329.77085065676397
645.1733775066434
581.5150630059793
366.59147100079053
349.564594841264
418.0264165679113
480.20689967401444
726.38465142679
261.9896950726266
434.4661422273536
575.4613023479194
391.0379483129159
392.2243281286595
443.31230709123366
432.7996469789701
368.6368736020151
251.12016927400197
378.5294495042339
376.81828138628214
381.57453862781756
201.93229379151995
396.7207309771787
338.67901711002946
322.8330445453313
267.63018630481076
552.0010357311808
411.3014472873209
313.3532256210872
467.7410603118831
429.2874444453953
478.00627071787517
243.97718341706673
492.273817741395
488.0838276786753
492.34459160702846
283.9267136622388
564.8000436950166
519.2835382566441
431.4513601599342
322.35134749379426
471.372313819037
566.5678511688925
422.85629576505545
618.2533512461467
258.7635463185377
358.3840598097163
895.3207132515389
523.2714998762415
482.31158427681976
428.59515120028607
470.94875487518175
394.28921129145766
362.01782952872105
428.09813249252386
412.81716121903133
360.9483548805082
226.182005904898
658.0646929347869
252.20356723018108
377.47591980010617
436.928026917029
500.2833271580881
562.8408371086152
367.2448841375879
450.5634335519754
449.44433076762255
507.17425496779225
313.335092574778
337.6840254148366
405.8083258104121
399.2628738969121
419.7477210058581
421.3059584518343
513.9420057948535
265.84292132943415
353.71509396662407
330.6604380162618
418.3777422174665
382.1070188948498
385.6147717130835
673.3992164295164
585.0411925475853
458.68370822149
456.87578035343347
322.8524883022628
417.41862197827277
460.5057160842817
366.7299547766149
492.4689130149936
425.788265723559
573.1854274913449
469.6744553805097
246.6231888087595
525.4125970403666
480.91669200503407
409.8895485455671
364.3539795519279
406.1430765386277
255.29536282801612
296.9445513958436
302.658445498847
436.8148119767771
449.9905949221514
430.7866167481634
598.4571036639848
345.81567707086316
356.95875075047303
382.80197583023596
534.5491585884718
294.9042525632645
313.4697079512827
385.85939854186023
719.7510128010248
394.4494601929531
373.01648961560915
455.6499646753966
478.89617497636925
511.5351666956139
582.3406883319076
263.4756585676944
591.7277093379421
409.9385317016409
384.3254925664469
441.82582469985346
350.05934196056864
488.1668506427869
307.44985349576325
569.6781470757463
377.71672094497416
344.9048020789921
278.12612936960716
869.4695767592643
208.61716206359554
253.89548062895264
387.3396959833582
302.61468424186546
369.4023368064496
323.68375088253583
473.95493751104766
395.18699962803584
388.1424454215897
661.7397871153735
643.6881068021231
340.18501098026087
636.9810212329202
325.97086806618114
257.07152085096925
449.9237663801879
384.50647456286214
853.337610578533
549.177950852698
365.025515837572
666.8825830188265
420.7889262221577
354.54548497586524
255.44377568230328
359.86125514945684
382.1676304450781
401.81601702571464
467.19747221971335
354.8120428262192
626.0324711161502
439.2775892954404
310.85844350776694
398.71932944891506
417.6287764626445
389.22732899113936
375.65428350575996
387.60615689184897
363.41326927699555
382.91427878601314
425.23555077853246
342.24294553542336
309.6455814975993
557.0493684564369
325.8500685014076
388.71382416833114
418.3692809661588
330.8784067896726
264.497514014008
400.6888053712177
230.10737364121792
209.2872284534379
443.3981856964408
406.8545030781598
479.97786198175146
465.84042991023136
290.092014160397
472.2169262045497
408.8971259434155
320.0579508863826
278.716152449698
374.67368208260604
391.82014057691555
456.51292218480376
317.54119240205955
503.55740216715355
558.1804103038917
401.55382702231543
394.03498136678905
350.12984975258394
327.3210298485142
415.76019923555833
565.654889582406
475.8907204912326
499.7406617507033
456.8930597447899
789.7591776948657
458.0791688936143
556.7436248523901
435.23315362248957
460.47388345808105
360.78282275982644
489.76034959780736
519.5806760021368
621.5836705594083
297.2662555800762
367.35707178274424
492.9593270027582
436.1201208192911
758.1587717796505
254.74708825945137
375.37479171110334
327.1579758134019
421.07112858400217
498.5246943629698
423.4499800995807
678.040278548872
496.193886065087
446.1101342846364
537.8705496707981
301.6566317645905
465.18247701693076
448.6418938338425
484.9230001820047
399.8156080921328
398.6470392869429
277.262101884059
500.13704683789825
599.8316205214023
461.75586681584684
392.75063791696573
405.3943377488118
429.11445800779825
631.9175766649777
460.45953986899457
288.47489839628986
238.6861390475225
513.2317861139932
353.3763080840976
573.6817419877938
323.3429476744604
405.97746894890525
482.3430110259302
358.8226713105661
408.34273392721923
495.94502507600504
318.8838333195124
485.18069477001904
270.87664628655455
485.1775095270183
401.47172039842025
305.49871023689354
636.3772130446421
557.5038121392873
590.4181236334673
447.2565704927283
275.89718160714693
272.3781993982603
412.1554463807404
337.0167983369954
350.10343758850223
477.1990004081367
485.71685434389315
610.1810371456517
390.07733687095373
567.662991157454
359.20125474280593
601.8358978020929
442.98553036789735
323.25260201298437
588.4956543835902
230.61066150279603
284.0833137329849
651.2585993754079
404.97141864275716
385.75800263608875
487.85880900848264
476.3792352018689
360.89005649188914
391.01117837149246
259.2098606985307
310.06330403677964
510.9763633460541
381.99811584891097
357.654706179765
310.4622048040949
612.851954093205
419.8498002168497
318.3757486844399
520.3242210228761
336.689998004873
362.61752558963565
453.6405339468431
520.8736394896316
454.29125867081945
448.62948893905497
469.59957431311705
401.29131473659726
316.9587747828101
361.794074097095
433.82110184082
379.7145452244212
416.021523428457
312.9986847908676
488.6721999240529
442.0093311096632
513.8312696630612
272.24301059236444
354.21458172677956
628.711043952032
471.9692803964227
333.531474460132
457.1097076306302
570.7782009701666
387.10557663984497
353.5941948399182
419.0475343194008
324.2686244510526
366.6107666388974
651.9551354739376
579.0899528908551
419.7133921856145
406.465062126613
376.5510719949033
512.2341844664359
359.0247009616142
421.94936682981347
423.32057254076267
526.3472203257247
519.7968223569936
477.55699793501424
367.7847797220669
555.958454768773
383.68961684855486
295.59178848198763
402.37154676731024
524.5134748917691
457.81723299325586
589.7760201161841
333.5325708892331
467.7484347615767
295.57954439985224
598.6697539147718
332.374700719312
641.353823341099
486.2208435885574
474.1312978854842
599.9970606936215
387.33970003633607
510.93842470431065
283.3208028468236
410.6297668017756
223.77917212152843
364.7684766493082
334.3854725799835
608.4584209522834
363.23377692622256
483.50878337949223
472.9864675093356
532.6084538380663
432.95410441964674
589.3256231072705
496.6831922112842
382.27632148449794
300.8245889662875
375.6116317118011
423.53201625823255
497.9785512497038
544.7400899060639
564.4507515906812
403.65132531930647
492.14026134210883
397.9302678474885
425.21441667242965
302.56730900052264
357.6892758724528
376.3681118966143
484.48436553256585
377.5607802662776
353.92334705534523
405.320458396111
373.55330210855436
277.0768105835057
410.80259139425567
415.6492432216953
252.60728974198724
547.6444588890755
469.5613854207825
506.63779196752796
307.05047900846387
394.01244469624515
432.5203712135389
289.11471764479086
526.3337412632482
408.35440795155387
428.16218425866884
633.7707445044692
314.5229362758769
206.85582323548027
348.2756891887903
476.839336617891
442.9963582796996
574.3684027399482
590.2262543258561
240.4729928040939
348.5303005419564
337.08684518606117
541.7249318727519
311.8305086964563
342.0144592492509
413.74150117730414
239.16737566060343
541.8836929368247
560.0616912491129
388.2667183635192
676.3057371091802
331.463509279581
555.4028173680166
510.12471758183625
301.3984267558268
469.44143897124934
408.86930695312503
374.153191559947
355.9037719381005
346.49528797866225
231.49972332834437
297.9338749490212
536.2769082662804
349.63813355024143
580.6039675673582
319.40225148680986
483.61744114299375
473.35359580717875
375.6514959967927
542.980482735301
509.65439254308495
283.3186734066644
488.8077767963377
569.9714541940405
612.6465304071295
452.26463605813416
471.96597144164656
397.4010314330517
512.3593002989179
391.12154710468906
284.090358189211
616.6015688923001
600.2003117124717
390.19985495484724
582.3389643363248
494.39592687140106
438.89652969040225
578.7976548830767
391.1163364585678
393.23121648624175
411.0338671819285
338.0947166034973
442.9290647698309
455.71564551314384
339.3923741719553
388.44914481040786
350.8747843595359
369.1192656329935
556.2388779995337
495.66300791684233
334.13725060542663
562.8135434067808
329.2596696083455
442.4853171768791
397.53346500513555
368.10630554459954
429.88681310997174
509.9745998347249
398.5288314005195
576.2578692714043
459.5790059659443
499.28133521941675
310.28511226095117
375.1144048995024
275.70535122012154
425.53539984696766
281.5782471278463
399.8731105772573
317.7188682075561
493.1870735848374
431.43699467112566
343.9895768557918
354.4897294174786
508.2954766462104
368.3130324778006
273.44103553853813
331.24217239205564
412.9333674695175
405.0336377039811
507.1661413610542
400.6945709724784
405.3095834734243
489.8182085182072
387.94211245782924
493.96247541379176
393.8024530220453
298.3503907191862
545.2290572241668
534.2072799553445
360.43920933203526
700.5784663319695
457.5565522980587
420.26406014353904
400.6865163884643
374.68434891445753
343.98460340423526
410.05996002299855
438.0854072014046
601.3325052027103
591.1615010822269
383.2836196486707
315.8654940924936
468.8759908177663
279.3639621252284
370.23476114496174
487.0398079810406
347.4636081091588
295.9843120141579
445.462927462141
493.6265128664372
509.6202479948703
446.46202326906746
387.96698254338963
489.0483418382322
513.2446992600806
326.15731492073223
414.5026579434871
729.9623881932674
434.565222381709
542.5878976842804
332.2658604961446
406.2955630057831
555.4108147005285
288.4400289106549
457.2428967660885
439.0160135607117
553.8370849043711
373.95245514467456
381.3822031344639
565.7538835309405
229.49826635962071
321.97168679844606
642.2234056954742
522.3204863719761
321.37421584052623
398.81060234758525
377.90188850893634
498.29432408926755
303.72758834724226
326.1758202945437
255.98313455383897
461.3495827477201
412.4085966939295
372.8547515701788
360.3907264669826
635.8601770179657
465.0157301148212
301.7562865006956
328.3068481740986
348.2923420767492
426.2283215334017
346.69039392946377
407.77179053865956
343.56944072088857
427.9249575449879
441.00364231446565
386.986468235459
283.59382522473123
524.0752233736243
305.89708810449906
467.9596783649244
450.7898621535451
301.7335816863547
322.40585974628294
575.7130024237196
409.62793824867214
586.1628528135478
331.66635597079005
333.5037507668013
284.98895952526067
392.754548559514
473.7327229016797
270.9895972545752
308.4610208238032
254.03146184952735
530.0367524054623
371.92453452867346
425.8420540360537
532.8014515554498
623.4402587397835
327.4121520418136
364.5499491940125
270.3507571887957
484.4989151772274
432.1495925566199
398.4965547278338
358.0000069240132
407.54448776487834
306.12614125985823
593.9170984773629
323.66934836157276
225.02311649365134
517.2679786733202
442.3087715994592
262.71159575171225
371.1639446384538
445.7286091164534
437.02581809784914
492.7672871015148
436.5943077913568
345.67153905622513
745.7302494274535
241.5415670890439
396.66245081260473
273.53211834902913
344.89763563617237
334.357719245212
428.30955193291686
343.5071421977916
454.9256700313161
606.2499495604832
379.8055404558346
730.1356978919048
388.38149368969425
524.9691698482862
354.1222327455696
515.4327571984273
462.4706863844754
508.3598186764711
486.96624599284667
277.120512305571
355.9567348219146
733.2819940391299
356.0075576263053
342.6010382087258
362.71036699256143
475.22751507554176
395.8162763287988
440.7567833095725
570.1373066378585
336.9679362433745
389.1572512891366
383.4688296661009
218.6885362369799
337.2269192814326
252.97326720170457
330.74825261708526
398.26463028603155
775.0892362185717
356.26436896897224
453.6153585156138
439.52327742355226
389.8469234972612
372.3774389707935
411.5202210862597
365.92540719910073
255.58617816003334
279.5431869079456
548.1023860077983
404.7787540901316
498.60455938779177
446.8926778066892
507.6798799503107
396.7035540781626
465.561409629667
370.6626446907247
393.43438072816497
364.54023458402173
435.4154044095763
436.4247614980065
657.8179981775553
485.99157499143735
410.1778955372611
391.5282013078999
283.1913073422247
514.9757516151935
413.05187706373306
422.3570402819058
578.8299714092213
469.1165152227136
297.1389848644845
550.2898242519275
366.9750522799875
512.9859192377451
393.4634050960292
454.83108234536405
333.49113041989875
397.18754360063036
348.88788963699267
409.5529575381598
379.5663066697122
421.7987117190828
428.97135629972365
443.2419802064083
406.44066005437577
384.7101418468759
472.13483629416055
344.38434334009895
362.281821431944
428.5320493636273
435.26227068076884
256.66247610051704
505.86602981947277
344.83097693610836
384.4441040244437
562.1142376580959
378.5400133144469
340.7885968740646
405.26981961320405
475.824569747238
264.293223131641
433.1437828694534
363.9266262103391
536.3163754371907
315.6196636570766
454.88195492371966
273.94817016279694
607.5833355607592
549.1082162905607
402.6591753070219
694.5180999158936
279.9278635951104
416.43455091111707
538.1372880440509
501.6556048765552
394.58267257505037
306.1647164111586
415.561046151418
562.6019231546546
520.82783886046
395.3781972093661
368.6937254657471
306.0227886625359
441.84542216271296
572.5234401984934
479.58990714607927
333.0895979536255
570.3601962064307
254.8870507017332
468.050269557318
393.34781734088045
318.3477657538858
364.1865773963108
411.39233194963816
322.48991160318116
593.2264008871898
264.3757063821668
336.17543326636974
467.9009938767181
295.8063631804073
341.3229863866613
461.4552544560138
406.9195229014911
395.37715039887036
439.0437445484714
500.12447748146235
296.2767386532946
455.4172609352052
335.71025724007137
242.33458253539547
270.6504619212717
275.18540270342635
287.0521805432242
331.6097354385468
228.97356147960772
384.4015725512798
363.3239754344829
433.0241624434834
428.13459978173495
513.820548178583
526.8614297947161
376.7023441146439
237.33868603981762
306.16197659829544
572.9349243636347
321.0179390178098
272.2036035499039
242.8043916070295
454.0073786201517
292.14680949564934
406.78231849283134
533.7418152523649
508.6941783660832
416.94212962172963
343.7545898619527
300.8576791957719
550.16106082008
551.7427662270807
402.98200599699214
458.24516167892654
563.0701901264487
490.6998883913623
240.99651867707485
415.32501654981957
359.9511808536166
442.27143997648886
390.2106896698959
545.2846427750521
392.350422391104
274.4822697551994
647.0415925501432
388.6569094308676
336.11418525126936
380.804524862344
300.5121026054864
459.30018139814206
558.3269346728713
506.1561976607119
485.9774227436431
382.74804108222946
361.48508583025216
438.8640584105488
261.4597572123149
393.44451356735465
456.8181173854559
362.4117422190012
539.9534475106018
308.3702578042933
323.6808576160861
390.27277252425387
610.0904665682135
294.25029127483464
333.6648789068589
414.84616105396583
610.4936598268487
273.70196916102685
513.4436719663603
348.5370210392498
497.86975949111843
610.1388885668046
313.7065688289791
389.6995680966642
404.7132623468056
426.97876467299915
413.351575948744
420.0565512274811
484.2648313313564
303.5440169883446
366.6068555074966
498.4157091644998
353.61288867255416
316.7056440912229
778.6294807111076
291.96746908756876
234.42336145023728
405.57853930155807
335.3582165911049
416.0916111943354
519.8589675418057
354.4897431674947
317.3270598574999
400.0536255128487
302.0136565016979
364.7191552528575
594.941347402257
426.3783901780752
368.91861453001655
385.7425589064851
432.53082272095344
757.048844900872
417.83342440279864
504.3870628092404
332.9603753248725
335.7068306537467
576.7209599059408
390.48564813977237
402.5419179922487
252.1930444859204
244.6285133033243
301.2652160228173
516.3683910353527
593.8858908416106
459.0622926610415
459.4143108683122
423.86404106155754
405.5171377395432
527.1629233942703
355.06699056075297
372.8081703262256
397.7167717038031
411.3621802015628
304.34993412328333
338.6270647424971
379.31498743382514
318.5484523099751
415.63291381143773
660.3393030947327
368.2109666634895
283.3903376219388
408.325323012369
320.57849382645276
438.02749741560086
539.2305057864005
506.4906639098663
310.0303242280755
511.3906228429939
430.90166076186557
228.2943440840445
193.19292440417277
299.83589144283167
547.6253247903204
359.26863618225093
262.6157276497543
370.93195428832075
302.2323052493853
463.81763362701736
508.3904142941238
575.2730830266852
469.4218623411246
588.2299512476083
370.1858879879095
542.8410158503003
249.77105838032276
368.7817854859286
264.9355282028754
437.24563836899324
330.703277216587
661.111038012232
459.3137341278278
458.5477968787027
340.84594009738277
242.16212135267799
366.61747854824887
465.133432188193
516.3236463451668
538.9362487252706
568.2404438026916
444.6453828741898
347.9587403573618
419.17969986774614
470.58318577926804
413.36030468944784
519.9411757330331
557.3922624636691
485.765696680404
486.5318015075735
357.1774172132427
270.0083832746568
429.639862902921
361.47921425402455
490.9823706873464
377.3108677711157
375.87802450605403
348.9468671866465
378.5630329180509
292.41188635584854
569.0675306974975
495.5767339487165
566.4671232779432
368.67896320933636
392.4029105082152
644.5712048050113
312.707367580744
349.2359585805969
474.6669817958358
396.71067182966283
495.6230119694564
366.756559316268
475.3582653917401
475.6681011775797
235.48589583343855
360.0238590631631
404.1435269378742
358.3101276399458
612.4214794295641
416.43795844850496
391.80042359692584
409.95299751259
386.88750402593035
334.9013714753151
358.58450219616594
320.4767760870375
352.94915812801423
415.5719463105831
393.534200346609
520.044529965922
365.98600555005896
345.1786341247381
398.32573513578734
443.43966292686576
535.4542797674079
442.908427184421
303.51483675008774
245.4760013180835
493.9248842301095
361.34915465845677
589.7795717467329
397.7324657936379
315.4724884205228
445.0642031372939
348.9955571017062
381.6987566412041
379.1801859266452
347.1704049670225
379.0807694533884
373.79119675340064
327.0990616849497
260.3101339178031
251.484550905075
376.27340797977763
227.37294168929617
522.6155709225114
319.76748406732565
497.511238687196
459.6115069914559
384.87659153384436
404.8583680635417
464.0998205020727
366.89160766157363
320.7555912183992
294.9410931674315
398.3543908112189
310.040724699191
365.02258145663785
519.9395099237264
553.2809438061126
454.6117945766988
351.3594587456403
149.72005083397548
430.14710220607867
473.1742390721503
352.1043898971441
375.9014370763824
332.81822933990486
299.2399594635555
461.32764928152903
428.88453147342733
325.3810016914599
387.73645323140005
531.735454876827
303.23351053037106
376.8724664968982
238.53023359539597
334.0637450449257
370.3269929477878
320.97325647777154
277.0996115045694
417.5894870294363
289.05894502830745
407.2549167607832
374.06656519117666
418.4392190185225
607.7373257054592
363.4984770234447
439.2758298631357
493.78987886611554
257.1082839497214
297.06652173904
362.24097033105005
588.4554138848466
449.7422955793181
494.21595450350776
493.00406481702663
351.76868940516727
505.6266729508514
551.454084854423
299.62812181849563
336.56949003928673
472.9903460168311
353.05938714653524
206.23468053179425
533.0181956044445
519.8567311567074
314.97040695662
476.40201045803343
284.52634879060747
484.7872861194311
530.1125407920899
414.5208140557964
299.05864969850694
506.83333954069263
459.123159971679
271.96848404089997
370.8394535633413
397.297587049161
418.10474563988873
451.0058543271651
301.84680775183915
441.26583562993375
339.64868613724724
423.8747318090821
410.44066069336395
450.5874636048065
384.3505733779309
380.3076209098691
508.7140700405679
348.49995964910624
234.466742556986
248.0475357956631
348.95629498108315
632.5931489221376
414.62618333297564
328.68986861383706
447.1861463749703
447.27598811321917
445.26954414052034
377.7098842415071
578.0654158014715
457.71232689691755
541.0540617797773
288.4955000015512
473.8174848106477
298.48342987695156
349.7242917509791
397.54853069419926
339.9983288971221
783.6876414605863
376.74426843740565
310.96164179706636
510.49397190083016
491.34296072693934
324.97293820131614
396.9249227789905
439.6907503816475
320.37171907689213
201.6740691904088
364.6569602716865
399.3260803785625
303.3269848723685
275.6301100647277
302.6806491259423
417.8017038007903
397.60257125766196
404.15288015464256
612.4186237734792
391.25714532574676
286.4683371351706
389.79345090099486
246.12290872328145
386.3210469694558
317.4469766309844
420.4368279930576
696.4871849316033
444.9841696780164
500.5126521386657
335.8331654462215
506.11649327365683
308.83702158384654
423.36468982962407
313.82120518027244
488.4199777854768
449.92042732229606
386.72014545424133
317.62220491424483
443.6089939785747
350.1686051058814
418.26849600356496
407.14280674127394
647.1071679413251
701.3942600372421
335.8015171649494
371.37004699711133
599.0695046188376
204.7624883944488
397.14096208228585
340.9778494180912
553.8356098630045
665.8131412810889
338.1396307461296
719.172894141141
384.86006543108584
350.71095195326257
466.8301420338379
343.7174270418993
621.4613368588582
394.46621972525224
508.06017887786413
417.13768094224406
470.25212073191466
429.19442306552565
542.7253921326469
328.67653331993756
389.5340912245843
313.46535252853164
320.2705731921494
306.7638612132906
318.51768591182207
277.02927817250105
253.34312578460322
442.5151923631201
402.6474563484679
186.80662943565554
515.2564471509417
499.33322639115875
434.10594205445506
366.113005300149
351.82875826294054
543.5298715431809
442.6607791950554
361.7141707595446
241.3620931043384
421.084588317887
369.69803681715655
443.52827571864157
409.10568833879694
377.9993551315739
386.2369015929717
403.07298358715786
490.9956789864982
491.39963495595987
276.96401460899125
453.8191489371534
501.62906944392347
617.4098871782276
310.45075260747933
347.1964447856258
347.91522993543833
472.9208231850865
383.69015410229986
332.12144464522794
703.0646513826991
376.3391565799698
366.4285802293162
289.79894913373414
481.1288347927957
369.17753717921966
364.7863859507207
360.36601022846486
294.1521574979564
453.32918996150573
325.9423173558558
455.2520344416695
447.29883801770137
426.28682475441934
390.7694704222111
388.65823863227985
340.5555232827649
246.3303770656278
746.6306994887359
529.1159548401272
421.9464815568121
492.2545821125585
386.25310689978005
438.3687056284105
279.06409418543416
276.78096436754987
448.163674224884
443.72423946508235
454.7542555667545
422.55506113099034
375.0108157978367
412.73670481842294
337.39640580897884
372.699618359765
343.67883581146555
372.1162131725307
364.0403636090534
495.94097357780123
488.0624510759735
713.3028101617756
307.802909778717
235.34433599365542
401.9583453087669
341.04048340156703
326.0311403262614
407.4149882281543
363.0936851608632
241.65858644681137
426.68109392838704
538.4047497469593
400.1584626628956
269.89113656658856
330.4787227368268
354.1589451798499
291.0103000001922
408.1563287333912
400.843221052422
380.37643252637093
536.66351253026
455.5927712911843
297.05208725162146
304.70259824043586
296.5404091585922
471.666469041915
484.12524757028245
558.5469433138464
505.67110563570884
260.6577107858833
343.70692451439675
202.19653992895752
273.055030762244
401.4091655704991
524.6783456358822
511.1136601793065
433.3894443235362
381.7345814939165
289.3459488950475
569.452517103791
285.59871569458693
388.14997994338484
423.67170117589785
436.8618795479623
571.9864764599646
344.8526030200653
403.2188928291157
345.6577717510634
383.57924378316113
571.1468944714326
472.6267520481616
542.5778854279765
381.15766810498246
396.05667585423146
416.62738112966684
450.81999460595557
427.1960883626897
437.9834207167625
527.4498777367868
407.12576547723575
456.5960165519516
359.2380015192907
490.9331753716336
637.2067887510689
389.4659957826858
328.5111567859654
348.0281059122517
421.31428562797475
426.59615857545975
348.15095468042136
362.4139582546938
585.189512846935
428.08479497850885
491.6669405684508
388.2601011493526
374.58912597973097
567.3243711830161
427.26671280653005
352.8110012595441
443.77874315562303
411.94613378842627
546.6684500933372
791.6606625596752
398.2258646027851
417.11025147463573
436.98311374030476
505.12767518070916
494.48730684796556
556.077488708996
485.77730403222733
328.5278079609886
473.49878341303275
349.3527257911273
224.71757985037027
338.2464297918707
326.7092365157656
244.03707585260082
366.32669019993796
346.8699599908432
541.0142094054945
392.4151337899459
629.6397037050162
531.877666342347
488.3865232504829
326.1889434417507
465.79425356337276
524.2067520519109
527.1803334261509
279.7461167690706
560.5670979422182
498.10946077628915
387.68897485724074
430.6519040152612
409.1219612993781
582.1999204332121
260.1263186347142
423.42784807703345
480.3973932568766
501.7839044736929
308.50308350437984
248.46265315331095
414.8912962443676
359.76221423141874
419.6738107116866
486.98597484864956
335.7206591730947
530.7160896838927
368.5621971012071
442.92159674705084
486.539110629424
724.037603064243
358.84652308060987
313.880570994159
611.6621212706085
633.6973596083001
273.8849410145288
245.8758283036963
436.7835522838429
333.0356466389592
405.5392184549201
460.68601701398944
447.6210849627005
478.33018501694903
324.5690549544268
358.45217514375946
411.3650260896394
346.4682901443824
512.9011574781618
402.8408927671611
522.2545336559998
452.453832121724
484.41444656018507
423.3560461123158
428.14279859206357
551.7879422233168
635.9834733142844
390.1602258837079
376.5455023808752
402.0920661387127
400.19061547240074
474.8218462831662
380.5512968571113
414.0690762599592
419.16750578264856
509.4310482117462
468.6694443093943
371.55579800345464
630.1101866314185
361.0903862554419
445.03484398660044
278.8089320074311
510.03378688076293
412.0870475411151
406.54378336564247
296.02032744254933
287.39301194067673
554.0594979684297
433.3889924396021
387.2785312742682
362.98148560932566
419.77869481684434
410.87515481749887
298.2275065229979
435.8572758303334
608.2558347465863
427.27551482328346
259.89666606533365
326.6322620550227
762.3181287908176
420.62982965584774
439.3598058405035
589.183152813143
307.95911503208794
352.95892318978866
626.5746135797763
570.3587517527191
441.7567718826611
339.35788984393173
416.4289965409637
498.8378546289588
321.98826352938966
508.294601779253
387.13704410677923
414.92572431294997
562.5306539788426
445.2946649615787
376.731311944156
268.43890821168975
282.98361597165643
333.86424258902866
383.71020528622955
224.72910621956885
363.1311878686096
633.8104904556286
511.29493799554865
376.3454814181384
278.9164973606451
470.84942300946386
544.5547005477753
490.6985925170924
368.13220149940736
292.94882201244377
305.45323433373
550.7840202598773
455.23447887057347
471.2164749629174
513.671048868702
421.50296889122666
337.7791326603549
416.76090020565607
351.1084151910801
776.823916249571
318.6354012548549
387.17509903691115
377.83416389616895
443.9743450204112
473.4728768071482
475.47663750918485
344.6510600189828
485.24989746411535
456.6772227396065
545.9213184891913
494.5324450351033
448.09733139886737
298.61442633274675
367.07951474904286
422.52235195918104
387.61971852774934
475.4626879311017
425.7589059578218
408.02519126711206
635.7816581817735
483.0824698418676
438.57275141663575
339.4892807259317
408.8306965419151
357.4733642879056
547.9100145627825
407.9207599462298
364.8342021394072
399.55067993740465
310.62718979588914
520.7947380583275
499.30728136448033
504.68219731621366
444.8882157494411
452.2711522183633
553.6024259455047
191.60902746123105
372.9618219108919
351.70932994586275
396.0326115451236
289.0209710254031
337.7508929722913
266.56222217692965
378.66423377266466
467.06935676099147
467.48120224389464
548.6367018831829
419.7777249225057
409.4774118198509
363.5256017910489
351.62920645936856
311.20638985476006
414.80332749476497
322.10849343745036
462.1658912357035
510.17686708228064
550.7153775961438
509.96063789081535
360.99887781635005
352.46933496487276
574.187704796238
364.970302361341
328.42910692935124
409.13070265040494
478.41022882453433
468.9818212183154
745.7970545371087
397.99173159613173
447.60964759534767
438.6712845282653
438.7497000643916
480.68217967983855
375.2431203681436
494.073254282282
362.8714197387707
373.96353750732834
347.11814015776616
565.4253900067024
385.650677449839
541.3903754264459
342.1623981934889
436.2318328401783
427.15847954459446
385.7018657650978
389.8169178553711
441.5303909640318
649.6306995317121
330.6480452840958
475.32534819044423
460.3608991710936
396.24032979487765
317.3812299634838
429.2019718063475
507.0073539896118
411.3566610455927
382.17457891978813
314.0067681992947
264.3486374248336
420.61004831701985
265.9240835167966
478.5859844518111
352.50154607176114
434.8721427833983
398.4582177667186
380.6493331229423
475.287441399365
418.3922981408038
209.85297704715802
417.2787230111579
354.2790329003633
594.1120937611948
392.0859584837644
299.1537495713921
457.77134791323505
288.7055562642242
293.3221853860292
353.67528537586537
593.6209786298407
399.35870493901797
607.9860994048647
334.8335816850208
236.84318670667088
380.9751789323992
298.9016325203744
454.17438862552643
693.4669711866541
382.73534275385373
284.55331152098614
491.63050253388474
506.4000387008205
536.6237565042626
364.24254319749525
464.9768560651353
320.14419339534743
281.9139647648941
376.26182720734477
501.4199960981038
402.8707540167
418.84503348623326
554.619217908055
283.90558726167563
363.35025259365295
401.72056384685806
362.63182671853474
398.09377741140383
502.9603662234305
394.781892139264
520.4761584586141
495.53803119809254
383.9707590434574
399.0309195519631
341.21295371743554
378.00368617325375
620.6012534850286
438.12965228037484
262.8035938657096
657.8192572584521
202.90792637219002
264.50180885437567
435.01724938744024
477.06999407803903
425.890215422375
394.2956965998619
393.15446655766624
447.9063127371451
393.17746594322927
429.1971362240571
572.9549548365724
528.0183232126828
474.2135060645926
412.5433769005094
529.9686039871826
415.2158621334797
351.6450674684704
350.71524339115564
571.9218638256713
596.9062827684482
401.0513254699641
568.4899177608544
364.3771366800009
428.7862974113573
537.683738830492
311.81990868781475
475.5984431016043
435.7292580653851
339.2511474825954
219.52597428902624
308.45200783892585
459.0732724725175
356.13532336589753
456.94059022957373
398.12800192522826
284.0611998756242
365.71022787788934
383.8172347240452
249.89676813960648
372.23461242475906
426.5743666877697
371.09500957522056
444.8540349031579
429.2601972502517
427.0409606403858
379.66783864815187
355.6853629115991
412.36631503651455
606.1258149855028
523.269103403576
315.58646855665086
600.6887262784031
307.90516462468554
410.00800569430083
379.35594125415287
372.9217661559733
280.22957994207127
416.5739409612272
574.7012010284432
551.8841544336958
382.51072568279386
485.72179492923664
426.72209647049823
552.1980085628069
447.7187137403887
453.3629558467493
394.62007896397034
487.500967156282
380.15438335245824
314.25210566039806
431.0314015769513
340.3378917719672
445.18730948286446
538.4747580042917
430.6382174275574
384.5332802459045
528.5268088970472
478.76127975405564
407.97819308563857
335.6232375873904
458.243541275038
605.0735075636765
527.3833049191155
222.42195477120544
326.7622246756813
668.8924519001557
478.08986830526936
432.37360784759795
589.3755846621779
432.3199722194707
360.5317223317536
418.06438164901346
440.24902430576
471.6843887311577
478.3299109502664
268.8858500987753
546.6087831030068
348.7755816835855
464.13602996519614
497.9004620270064
496.85811635398255
413.3321271914028
420.1817301131471
247.1038094995752
233.88196720988805
319.03842511934465
399.49956886465344
513.9484796695323
612.5839562173011
477.41952363005345
575.405162535858
424.0066275589245
432.7681717166806
387.9791862925984
352.39147091311065
424.5992974835839
569.9236989527772
368.35823590990367
355.8398860522195
408.6649566691698
276.9408205516421
422.56000019388233
480.4851636233657
426.7361733608452
301.37602440219877
609.7623674966949
332.95692242158225
504.5139194451696
364.44914284093454
489.4064342252954
657.2781476956022
448.32857864393566
293.501002745681
500.5745108506451
337.37802472453404
376.4760697248722
303.0432012940061
452.1910711869593
383.03511956841595
373.9212462844244
417.7196383420298
385.30261413997164
418.23644188595495
213.953491177598
434.5185992480987
337.00964503011767
320.7885649336498
463.37964316205404
440.7361852085325
547.0065536818555
340.0151809272195
366.5168697919763
346.5093198385105
339.3203428162231
418.8259746214244
351.8569794583339
705.4587354208456
610.5284138427011
383.8081292272959
371.23849107966004
324.6836888001494
279.42146014747743
480.0126822572621
495.7526122108639
480.45870198764334
336.97826620723833
750.8772115594645
455.06151651783574
255.26203878101597
438.5372144818136
467.23110006655116
386.7987154556729
448.98528743815
402.66306602978545
356.24570806965926
470.5173551672903
315.21451169231136
533.1407385821327
335.9717510551386
228.2804531251622
478.4688560756462
911.439024465144
337.7177053515766
261.21975736891676
343.0562436875621
605.4146508423977
486.23840980585595
468.6986163052622
476.24515332042097
511.176001985603
597.5605263380601
580.0239842352822
297.17887313744285
251.02423240671945
371.82945803710436
277.69833120539636
266.2489569664077
516.3927975256024
522.0155139550728
243.91652986896975
349.3034518541266
325.0056893662684
273.4891183830444
586.0738899828209
602.4613448909864
416.83479320676383
290.73867230108067
460.41391705056475
327.9579377908969
503.1031057427511
457.4872370442028
397.3840120960646
332.73619470403395
282.47947966886
518.0053487073288
342.6929804778609
502.36906771287283
250.59104763100834
478.31194767922966
265.84236889455343
372.16763322269287
297.73298337573067
298.536472257347
654.7664046394419
309.85234880247157
494.3382574532283
587.1190567651075
534.6610118370314
520.5652085039126
426.4695848207528
210.16942142945672
206.16871655132775
289.11474287579665
330.7657808110254
507.09773604529306
248.17915544234398
368.7818253465887
274.7824132426904
331.71302929254466
649.9909524934441
470.19289926375245
468.92764261224636
594.4887683314612
467.8057003030362
569.9527931362572
470.81301899754425
199.1935791985688
445.7836848048062
431.95878841256615
266.19956818064213
409.08713498740593
682.5467191961154
594.8764092183834
469.9046304984197
467.52156177730006
356.88740484378565
495.3183874320102
605.7217177885306
287.4676548920365
245.25467938507796
533.3520182011785
286.5943348312432
454.5701275333936
357.1977644142789
241.9384725142912
436.84882910981605
410.5040634802213
394.857862162536
546.5420005490579
506.43833108182275
453.9806379680856
335.6288548915564
428.64506062973345
607.136370382204
250.1774978146991
399.9451699816866
298.6676277628041
431.31960716759465
363.13873382583324
456.17220264483745
624.9602266163636
261.84248907936814
463.26493066273963
444.3141280832557
515.7724350704437
467.72308595944554
497.0444412308599
411.50226675147684
408.07881710150565
400.39095246945305
395.0936062081573
522.8789463406196
498.4629126434611
436.0935169909544
357.6635390241973
471.4096098917205
299.07708453379155
381.1297797257478
511.1981970275042
578.9132228473082
419.4539204198411
549.5517071680526
449.2906477146376
335.3230565878724
357.10028448441375
321.8039182484417
398.03389314723216
668.504583589314
334.9619223455211
382.65680427536824
535.1575631088091
367.4060865520425
366.7743461334049
333.2129632936099
262.6564674054024
764.0895181709765
434.84554422278126
336.45067277513573
423.17279261136315
336.27935087441614
399.93330125085754
272.4636715769732
415.36213457935577
340.9319881631333
277.04139173015227
726.4950032215133
637.128513901962
477.640565705068
524.7765416869175
426.5893917360481
313.643305860505
460.55944533284355
297.1642204899957
523.8337986756609
378.8391079449478
323.9501088706518
322.60511561772427
283.91489952477804
248.38523605164934
385.8191623894709
309.6484122798872
419.2674801307543
347.6465081162628
377.164295870022
312.77180977815766
428.98178560785533
341.2990201405834
475.5455367834254
369.63995377919565
559.3563294419064
295.23383393368835
483.26800585481226
314.2848889781472
446.4192922364685
419.2936141453906
652.1204457955672
374.65904834553663
467.6100126287756
329.5584840816589
415.17970265819815
415.06461476109473
622.9794125748523
462.7719591422717
388.7404483063423
365.8426564947083
397.0049591921152
505.97035819699585
373.57705821834236
295.01059908118236
443.3297729348237
468.3139175939188
578.4131231865849
622.1844530984661
491.77754195596106
620.3981566105508
356.4823801731762
352.88462340798714
528.7071257385828
412.11939434561907
578.9794678711781
598.7817380268674
555.3707405700004
275.7571767417692
298.31468965890355
329.062514445009
351.53720467863076
358.41986002757574
307.3173474469639
368.0939191102532
305.7512487607187
250.07588581713586
522.5560473745844
302.7745190892727
311.5921737251842
445.8484216562614
468.86672574935085
345.9301911534468
167.21883350479388
304.5467689346127
371.62914136001
753.0958527894334
410.0558271935989
351.39164368320473
372.6176430875307
363.133716986889
377.03626513641
263.0021490101839
661.634415273381
425.97485911796673
499.6885489337604
688.4281065149346
325.46307531645806
245.23545468651736
289.49073271432263
499.2860318458834
290.1593048218369
641.9791184581181
358.2753595963242
502.46881963231704
407.9536239994808
275.16571577292797
627.0872858486381
366.74926358015506
514.2718672277268
381.3168786228305
416.42997610295913
515.9077301656193
370.5643884388968
333.90240617823537
613.6016650545812
517.4438001083928
499.82187138768415
525.169843993096
331.2114665523547
343.5975756499546
319.1027279907232
254.57779987687107
331.00256262776566
311.7408865585289
423.16320115856246
510.3675853609168
509.73042400153605
341.54301225721593
258.7004165163472
463.2901517518325
712.2903767476843
326.7659517480113
433.52796444740545
532.8412630029369
296.0800765766418
334.6334316986762
312.1234475551341
424.6194481521616
677.2947299052776
425.4998434462246
562.055769214527
485.5725914597388
638.5483094802321
589.7990756349981
228.980244758488
265.45333515802463
383.24798069962867
568.7313125492533
340.4391350562655
376.6785620218132
377.87184931746873
388.50032784806956
350.75967538608325
418.09997312851533
664.7991253623846
550.5638817143437
429.49100017860343
377.83354541195894
627.8142515271654
281.27978523766194
557.1759218392755
483.24676880473965
402.1597561763338
433.9983396474062
310.0464040109021
